 1.00000000e-01 9.90000000e-01 1.00000000e-02 0.00000000e+00
 2.00000000e-01 9.89900759e-01 1.00491165e-02 5.01241223e-05
 3.00000000e-01 9.89801042e-01 1.00984640e-02 1.00494189e-04
 4.00000000e-01 9.89700844e-01 1.01480441e-02 1.51112049e-04
 5.00000000e-01 9.89600163e-01 1.01978578e-02 2.01979039e-04
 6.00000000e-01 9.89499005e-01 1.02479029e-02 2.53092305e-04
 7.00000000e-01 9.89397349e-01 1.02981882e-02 3.04462323e-04
 8.00000000e-01 9.89295211e-01 1.03487075e-02 3.56081707e-04
 9.00000000e-01 9.89192584e-01 1.03994631e-02 4.07953352e-04
 1.00000000e+00 9.89089464e-01 1.04504565e-02 4.60079036e-04
 1.10000000e+00 9.88985852e-01 1.05016887e-02 5.12459665e-04
 1.20000000e+00 9.88881743e-01 1.05531608e-02 5.65096740e-04
 1.30000000e+00 9.88777135e-01 1.06048736e-02 6.17991311e-04
 1.40000000e+00 9.88672027e-01 1.06568286e-02 6.71144848e-04
 1.50000000e+00 9.88566414e-01 1.07090269e-02 7.24558853e-04
 1.60000000e+00 9.88460296e-01 1.07614697e-02 7.78234742e-04
 1.70000000e+00 9.88353669e-01 1.08141575e-02 8.32173183e-04
 1.80000000e+00 9.88246533e-01 1.08670918e-02 8.86375718e-04
 1.90000000e+00 9.88138883e-01 1.09202735e-02 9.40843697e-04
 2.00000000e+00 9.88030718e-01 1.09737039e-02 9.95578413e-04
 2.10000000e+00 9.87922036e-01 1.10273837e-02 1.05058082e-03
 2.20000000e+00 9.87812834e-01 1.10813140e-02 1.10585232e-03
 2.30000000e+00 9.87703110e-01 1.11354959e-02 1.16139417e-03
 2.40000000e+00 9.87592862e-01 1.11899306e-02 1.21720763e-03
 2.50000000e+00 9.87482087e-01 1.12446189e-02 1.27329403e-03
 2.60000000e+00 9.87370783e-01 1.12995620e-02 1.32965457e-03
 2.70000000e+00 9.87258949e-01 1.13547610e-02 1.38629050e-03
 2.80000000e+00 9.87146580e-01 1.14102168e-02 1.44320307e-03
 2.90000000e+00 9.87033676e-01 1.14659305e-02 1.50039354e-03
 3.00000000e+00 9.86920234e-01 1.15219032e-02 1.55786317e-03
 3.10000000e+00 9.86806251e-01 1.15781360e-02 1.61561329e-03
 3.20000000e+00 9.86691724e-01 1.16346301e-02 1.67364558e-03
 3.30000000e+00 9.86576652e-01 1.16913865e-02 1.73196103e-03
 3.40000000e+00 9.86461033e-01 1.17484062e-02 1.79056091e-03
 3.50000000e+00 9.86344863e-01 1.18056903e-02 1.84944651e-03
 3.60000000e+00 9.86228141e-01 1.18632398e-02 1.90861910e-03
 3.70000000e+00 9.86110864e-01 1.19210559e-02 1.96807997e-03
 3.80000000e+00 9.85993030e-01 1.19791396e-02 2.02783055e-03
 3.90000000e+00 9.85874635e-01 1.20374923e-02 2.08787265e-03
 4.00000000e+00 9.85755678e-01 1.20961149e-02 2.14820718e-03
 4.10000000e+00 9.85636156e-01 1.21550085e-02 2.20883547e-03
 4.20000000e+00 9.85516067e-01 1.22141742e-02 2.26975885e-03
 4.30000000e+00 9.85395408e-01 1.22736130e-02 2.33097862e-03
 4.40000000e+00 9.85274178e-01 1.23333261e-02 2.39249612e-03
 4.50000000e+00 9.85152372e-01 1.23933148e-02 2.45431333e-03
 4.60000000e+00 9.85029989e-01 1.24535800e-02 2.51643087e-03
 4.70000000e+00 9.84907027e-01 1.25141229e-02 2.57885053e-03
 4.80000000e+00 9.84783482e-01 1.25749447e-02 2.64157362e-03
 4.90000000e+00 9.84659352e-01 1.26360464e-02 2.70460149e-03
 5.00000000e+00 9.84534635e-01 1.26974292e-02 2.76793547e-03
 5.10000000e+00 9.84409329e-01 1.27590941e-02 2.83157692e-03
 5.20000000e+00 9.84283430e-01 1.28210424e-02 2.89552754e-03
 5.30000000e+00 9.84156935e-01 1.28832756e-02 2.95978931e-03
 5.40000000e+00 9.84029843e-01 1.29457945e-02 3.02436298e-03
 5.50000000e+00 9.83902150e-01 1.30086002e-02 3.08924993e-03
 5.60000000e+00 9.83773855e-01 1.30716938e-02 3.15445160e-03
 5.70000000e+00 9.83644954e-01 1.31350765e-02 3.21996940e-03
 5.80000000e+00 9.83515446e-01 1.31987494e-02 3.28580477e-03
 5.90000000e+00 9.83385327e-01 1.32627137e-02 3.35195914e-03
 6.00000000e+00 9.83254595e-01 1.33269706e-02 3.41843397e-03
 6.10000000e+00 9.83123248e-01 1.33915212e-02 3.48523070e-03
 6.20000000e+00 9.82991283e-01 1.34563666e-02 3.55235081e-03
 6.30000000e+00 9.82858696e-01 1.35215081e-02 3.61979575e-03
 6.40000000e+00 9.82725486e-01 1.35869468e-02 3.68756701e-03
 6.50000000e+00 9.82591650e-01 1.36526840e-02 3.75566607e-03
 6.60000000e+00 9.82457185e-01 1.37187207e-02 3.82409457e-03
 6.70000000e+00 9.82322088e-01 1.37850582e-02 3.89285396e-03
 6.80000000e+00 9.82186357e-01 1.38516976e-02 3.96194571e-03
 6.90000000e+00 9.82049988e-01 1.39186402e-02 4.03137134e-03
 7.00000000e+00 9.81912980e-01 1.39858872e-02 4.10113237e-03
 7.10000000e+00 9.81775330e-01 1.40534397e-02 4.17123034e-03
 7.20000000e+00 9.81637034e-01 1.41212991e-02 4.24166681e-03
 7.30000000e+00 9.81498090e-01 1.41894664e-02 4.31244331e-03
 7.40000000e+00 9.81358496e-01 1.42579429e-02 4.38356141e-03
 7.50000000e+00 9.81218247e-01 1.43267299e-02 4.45502268e-03
 7.60000000e+00 9.81077343e-01 1.43958285e-02 4.52682869e-03
 7.70000000e+00 9.80935779e-01 1.44652400e-02 4.59898102e-03
 7.80000000e+00 9.80793553e-01 1.45349656e-02 4.67148127e-03
 7.90000000e+00 9.80650663e-01 1.46050065e-02 4.74433093e-03
 8.00000000e+00 9.80507105e-01 1.46753635e-02 4.81753112e-03
 8.10000000e+00 9.80362878e-01 1.47460382e-02 4.89108387e-03
 8.20000000e+00 9.80217977e-01 1.48170318e-02 4.96499077e-03
 8.30000000e+00 9.80072401e-01 1.48883456e-02 5.03925343e-03
 8.40000000e+00 9.79926146e-01 1.49599808e-02 5.11387348e-03
 8.50000000e+00 9.79779209e-01 1.50319386e-02 5.18885252e-03
 8.60000000e+00 9.79631587e-01 1.51042204e-02 5.26419219e-03
 8.70000000e+00 9.79483279e-01 1.51768273e-02 5.33989413e-03
 8.80000000e+00 9.79334279e-01 1.52497606e-02 5.41595997e-03
 8.90000000e+00 9.79184587e-01 1.53230216e-02 5.49239137e-03
 9.00000000e+00 9.79034199e-01 1.53966114e-02 5.56918998e-03
 9.10000000e+00 9.78883111e-01 1.54705315e-02 5.64635747e-03
 9.20000000e+00 9.78731321e-01 1.55447831e-02 5.72389550e-03
 9.30000000e+00 9.78578827e-01 1.56193671e-02 5.80180546e-03
 9.40000000e+00 9.78425626e-01 1.56942847e-02 5.88008903e-03
 9.50000000e+00 9.78271714e-01 1.57695376e-02 5.95874806e-03
 9.60000000e+00 9.78117089e-01 1.58451268e-02 6.03778421e-03
 9.70000000e+00 9.77961747e-01 1.59210537e-02 6.11719918e-03
 9.80000000e+00 9.77805686e-01 1.59973195e-02 6.19699467e-03
 9.90000000e+00 9.77648902e-01 1.60739256e-02 6.27717237e-03
 1.00000000e+01 9.77491393e-01 1.61508731e-02 6.35773399e-03
 1.01000000e+01 9.77333155e-01 1.62281634e-02 6.43868123e-03
 1.02000000e+01 9.77174186e-01 1.63057978e-02 6.52001583e-03
 1.03000000e+01 9.77014483e-01 1.63837775e-02 6.60173949e-03
 1.04000000e+01 9.76854042e-01 1.64621038e-02 6.68385396e-03
 1.05000000e+01 9.76692861e-01 1.65407781e-02 6.76636097e-03
 1.06000000e+01 9.76530936e-01 1.66198016e-02 6.84926225e-03
 1.07000000e+01 9.76368265e-01 1.66991752e-02 6.93255952e-03
 1.08000000e+01 9.76204845e-01 1.67789007e-02 7.01625457e-03
 1.09000000e+01 9.76040672e-01 1.68589791e-02 7.10034915e-03
 1.10000000e+01 9.75875743e-01 1.69394119e-02 7.18484502e-03
 1.11000000e+01 9.75710056e-01 1.70202002e-02 7.26974397e-03
 1.12000000e+01 9.75543607e-01 1.71013455e-02 7.35504776e-03
 1.13000000e+01 9.75376393e-01 1.71828490e-02 7.44075818e-03
 1.14000000e+01 9.75208411e-01 1.72647120e-02 7.52687702e-03
 1.15000000e+01 9.75039658e-01 1.73469359e-02 7.61340608e-03
 1.16000000e+01 9.74870131e-01 1.74295219e-02 7.70034716e-03
 1.17000000e+01 9.74699827e-01 1.75124713e-02 7.78770207e-03
 1.18000000e+01 9.74528742e-01 1.75957855e-02 7.87547262e-03
 1.19000000e+01 9.74356874e-01 1.76794657e-02 7.96366062e-03
 1.20000000e+01 9.74184219e-01 1.77635133e-02 8.05226805e-03
 1.21000000e+01 9.74010774e-01 1.78479294e-02 8.14129680e-03
 1.22000000e+01 9.73836536e-01 1.79327154e-02 8.23074856e-03
 1.23000000e+01 9.73661502e-01 1.80178728e-02 8.32062521e-03
 1.24000000e+01 9.73485669e-01 1.81034028e-02 8.41092858e-03
 1.25000000e+01 9.73309033e-01 1.81893067e-02 8.50166055e-03
 1.26000000e+01 9.73131591e-01 1.82755859e-02 8.59282298e-03
 1.27000000e+01 9.72953341e-01 1.83622417e-02 8.68441775e-03
 1.28000000e+01 9.72774278e-01 1.84492754e-02 8.77644674e-03
 1.29000000e+01 9.72594400e-01 1.85366884e-02 8.86891184e-03
 1.30000000e+01 9.72413703e-01 1.86244820e-02 8.96181494e-03
 1.31000000e+01 9.72232185e-01 1.87126575e-02 9.05515794e-03
 1.32000000e+01 9.72049841e-01 1.88012163e-02 9.14894275e-03
 1.33000000e+01 9.71866669e-01 1.88901597e-02 9.24317128e-03
 1.34000000e+01 9.71682665e-01 1.89794891e-02 9.33784546e-03
 1.35000000e+01 9.71497827e-01 1.90692058e-02 9.43296720e-03
 1.36000000e+01 9.71312150e-01 1.91593111e-02 9.52853845e-03
 1.37000000e+01 9.71125632e-01 1.92498064e-02 9.62456114e-03
 1.38000000e+01 9.70938270e-01 1.93406926e-02 9.72103760e-03
 1.39000000e+01 9.70750059e-01 1.94319713e-02 9.81796948e-03
 1.40000000e+01 9.70560997e-01 1.95236440e-02 9.91535873e-03
 1.41000000e+01 9.70371081e-01 1.96157120e-02 1.00132073e-02
 1.42000000e+01 9.70180306e-01 1.97081767e-02 1.01115173e-02
 1.43000000e+01 9.69988670e-01 1.98010393e-02 1.02102905e-02
 1.44000000e+01 9.69796170e-01 1.98943013e-02 1.03095291e-02
 1.45000000e+01 9.69602801e-01 1.99879640e-02 1.04092349e-02
 1.46000000e+01 9.69408561e-01 2.00820287e-02 1.05094101e-02
 1.47000000e+01 9.69213447e-01 2.01764969e-02 1.06100565e-02
 1.48000000e+01 9.69017454e-01 2.02713698e-02 1.07111763e-02
 1.49000000e+01 9.68820580e-01 2.03666489e-02 1.08127715e-02
 1.50000000e+01 9.68622820e-01 2.04623355e-02 1.09148440e-02
 1.51000000e+01 9.68424173e-01 2.05584309e-02 1.10173960e-02
 1.52000000e+01 9.68224634e-01 2.06549366e-02 1.11204294e-02
 1.53000000e+01 9.68024200e-01 2.07518539e-02 1.12239464e-02
 1.54000000e+01 9.67822867e-01 2.08491842e-02 1.13279489e-02
 1.55000000e+01 9.67620632e-01 2.09469284e-02 1.14324392e-02
 1.56000000e+01 9.67417493e-01 2.10450878e-02 1.15374193e-02
 1.57000000e+01 9.67213445e-01 2.11436641e-02 1.16428912e-02
 1.58000000e+01 9.67008484e-01 2.12426587e-02 1.17488571e-02
 1.59000000e+01 9.66802608e-01 2.13420729e-02 1.18553190e-02
 1.60000000e+01 9.66595813e-01 2.14419082e-02 1.19622790e-02
 1.61000000e+01 9.66388095e-01 2.15421658e-02 1.20697393e-02
 1.62000000e+01 9.66179451e-01 2.16428472e-02 1.21777018e-02
 1.63000000e+01 9.65969878e-01 2.17439536e-02 1.22861688e-02
 1.64000000e+01 9.65759371e-01 2.18454866e-02 1.23951425e-02
 1.65000000e+01 9.65547928e-01 2.19474473e-02 1.25046248e-02
 1.66000000e+01 9.65335545e-01 2.20498374e-02 1.26146180e-02
 1.67000000e+01 9.65122218e-01 2.21526579e-02 1.27251242e-02
 1.68000000e+01 9.64907944e-01 2.22559105e-02 1.28361455e-02
 1.69000000e+01 9.64692719e-01 2.23595964e-02 1.29476842e-02
 1.70000000e+01 9.64476541e-01 2.24637170e-02 1.30597424e-02
 1.71000000e+01 9.64259404e-01 2.25682737e-02 1.31723222e-02
 1.72000000e+01 9.64041306e-01 2.26732677e-02 1.32854259e-02
 1.73000000e+01 9.63822245e-01 2.27786995e-02 1.33990557e-02
 1.74000000e+01 9.63602215e-01 2.28845714e-02 1.35132138e-02
 1.75000000e+01 9.63381213e-01 2.29908847e-02 1.36279024e-02
 1.76000000e+01 9.63159236e-01 2.30976407e-02 1.37431236e-02
 1.77000000e+01 9.62936280e-01 2.32048407e-02 1.38588797e-02
 1.78000000e+01 9.62712341e-01 2.33124863e-02 1.39751730e-02
 1.79000000e+01 9.62487416e-01 2.34205786e-02 1.40920055e-02
 1.80000000e+01 9.62261501e-01 2.35291191e-02 1.42093797e-02
 1.81000000e+01 9.62034593e-01 2.36381092e-02 1.43272976e-02
 1.82000000e+01 9.61806688e-01 2.37475501e-02 1.44457617e-02
 1.83000000e+01 9.61577783e-01 2.38574434e-02 1.45647740e-02
 1.84000000e+01 9.61347873e-01 2.39677902e-02 1.46843370e-02
 1.85000000e+01 9.61116955e-01 2.40785921e-02 1.48044529e-02
 1.86000000e+01 9.60885026e-01 2.41898504e-02 1.49251239e-02
 1.87000000e+01 9.60652081e-01 2.43015663e-02 1.50463523e-02
 1.88000000e+01 9.60418118e-01 2.44137414e-02 1.51681404e-02
 1.89000000e+01 9.60183132e-01 2.45263770e-02 1.52904906e-02
 1.90000000e+01 9.59947122e-01 2.46394734e-02 1.54134051e-02
 1.91000000e+01 9.59710081e-01 2.47530324e-02 1.55368862e-02
 1.92000000e+01 9.59472008e-01 2.48670558e-02 1.56609363e-02
 1.93000000e+01 9.59232898e-01 2.49815447e-02 1.57855576e-02
 1.94000000e+01 9.58992747e-01 2.50965007e-02 1.59107525e-02
 1.95000000e+01 9.58751552e-01 2.52119250e-02 1.60365234e-02
 1.96000000e+01 9.58509309e-01 2.53278189e-02 1.61628726e-02
 1.97000000e+01 9.58266014e-01 2.54441838e-02 1.62898025e-02
 1.98000000e+01 9.58021664e-01 2.55610210e-02 1.64173153e-02
 1.99000000e+01 9.57776255e-01 2.56783320e-02 1.65454135e-02
 2.00000000e+01 9.57529783e-01 2.57961179e-02 1.66740995e-02
 2.01000000e+01 9.57282244e-01 2.59143802e-02 1.68033756e-02
 2.02000000e+01 9.57033636e-01 2.60331203e-02 1.69332441e-02
 2.03000000e+01 9.56783953e-01 2.61523393e-02 1.70637076e-02
 2.04000000e+01 9.56533193e-01 2.62720388e-02 1.71947685e-02
 2.05000000e+01 9.56281351e-01 2.63922199e-02 1.73264290e-02
 2.06000000e+01 9.56028424e-01 2.65128842e-02 1.74586916e-02
 2.07000000e+01 9.55774409e-01 2.66340322e-02 1.75915587e-02
 2.08000000e+01 9.55519302e-01 2.67556649e-02 1.77250327e-02
 2.09000000e+01 9.55263100e-01 2.68777843e-02 1.78591161e-02
 2.10000000e+01 9.55005797e-01 2.70003918e-02 1.79938113e-02
 2.11000000e+01 9.54747391e-01 2.71234886e-02 1.81291208e-02
 2.12000000e+01 9.54487877e-01 2.72470760e-02 1.82650469e-02
 2.13000000e+01 9.54227252e-01 2.73711554e-02 1.84015922e-02
 2.14000000e+01 9.53965513e-01 2.74957281e-02 1.85387592e-02
 2.15000000e+01 9.53702654e-01 2.76207953e-02 1.86765503e-02
 2.16000000e+01 9.53438674e-01 2.77463584e-02 1.88149679e-02
 2.17000000e+01 9.53173567e-01 2.78724186e-02 1.89540146e-02
 2.18000000e+01 9.52907330e-01 2.79989772e-02 1.90936928e-02
 2.19000000e+01 9.52639959e-01 2.81260356e-02 1.92340052e-02
 2.20000000e+01 9.52371451e-01 2.82535950e-02 1.93749540e-02
 2.21000000e+01 9.52101801e-01 2.83816567e-02 1.95165420e-02
 2.22000000e+01 9.51831006e-01 2.85102221e-02 1.96587715e-02
 2.23000000e+01 9.51559063e-01 2.86392923e-02 1.98016451e-02
 2.24000000e+01 9.51285966e-01 2.87688687e-02 1.99451654e-02
 2.25000000e+01 9.51011714e-01 2.88989513e-02 2.00893347e-02
 2.26000000e+01 9.50736302e-01 2.90295422e-02 2.02341556e-02
 2.27000000e+01 9.50459726e-01 2.91606428e-02 2.03796308e-02
 2.28000000e+01 9.50181983e-01 2.92922543e-02 2.05257627e-02
 2.29000000e+01 9.49903068e-01 2.94243779e-02 2.06725540e-02
 2.30000000e+01 9.49622978e-01 2.95570150e-02 2.08200072e-02
 2.31000000e+01 9.49341709e-01 2.96901666e-02 2.09681248e-02
 2.32000000e+01 9.49059256e-01 2.98238340e-02 2.11169095e-02
 2.33000000e+01 9.48775618e-01 2.99580186e-02 2.12663639e-02
 2.34000000e+01 9.48490788e-01 3.00927214e-02 2.14164904e-02
 2.35000000e+01 9.48204764e-01 3.02279437e-02 2.15672918e-02
 2.36000000e+01 9.47917543e-01 3.03636867e-02 2.17187706e-02
 2.37000000e+01 9.47629119e-01 3.04999517e-02 2.18709295e-02
 2.38000000e+01 9.47339489e-01 3.06367398e-02 2.20237710e-02
 2.39000000e+01 9.47048650e-01 3.07740519e-02 2.21772977e-02
 2.40000000e+01 9.46756599e-01 3.09118888e-02 2.23315122e-02
 2.41000000e+01 9.46463331e-01 3.10502521e-02 2.24864171e-02
 2.42000000e+01 9.46168842e-01 3.11891432e-02 2.26420152e-02
 2.43000000e+01 9.45873128e-01 3.13285631e-02 2.27983091e-02
 2.44000000e+01 9.45576186e-01 3.14685130e-02 2.29553013e-02
 2.45000000e+01 9.45278011e-01 3.16089940e-02 2.31129947e-02
 2.46000000e+01 9.44978601e-01 3.17500074e-02 2.32713918e-02
 2.47000000e+01 9.44677951e-01 3.18915542e-02 2.34304953e-02
 2.48000000e+01 9.44376057e-01 3.20336356e-02 2.35903079e-02
 2.49000000e+01 9.44072915e-01 3.21762527e-02 2.37508323e-02
 2.50000000e+01 9.43768522e-01 3.23194067e-02 2.39120711e-02
 2.51000000e+01 9.43462874e-01 3.24630988e-02 2.40740270e-02
 2.52000000e+01 9.43155967e-01 3.26073299e-02 2.42367028e-02
 2.53000000e+01 9.42847797e-01 3.27521014e-02 2.44001012e-02
 2.54000000e+01 9.42538362e-01 3.28974131e-02 2.45642245e-02
 2.55000000e+01 9.42227657e-01 3.30432671e-02 2.47290757e-02
 2.56000000e+01 9.41915678e-01 3.31896644e-02 2.48946575e-02
 2.57000000e+01 9.41602421e-01 3.33366061e-02 2.50609727e-02
 2.58000000e+01 9.41287883e-01 3.34840932e-02 2.52280239e-02
 2.59000000e+01 9.40972059e-01 3.36321268e-02 2.53958140e-02
 2.60000000e+01 9.40654946e-01 3.37807081e-02 2.55643456e-02
 2.61000000e+01 9.40336541e-01 3.39298380e-02 2.57336215e-02
 2.62000000e+01 9.40016838e-01 3.40795175e-02 2.59036444e-02
 2.63000000e+01 9.39695835e-01 3.42297478e-02 2.60744171e-02
 2.64000000e+01 9.39373528e-01 3.43805299e-02 2.62459424e-02
 2.65000000e+01 9.39049912e-01 3.45318647e-02 2.64182230e-02
 2.66000000e+01 9.38724985e-01 3.46837534e-02 2.65912617e-02
 2.67000000e+01 9.38398742e-01 3.48361970e-02 2.67650613e-02
 2.68000000e+01 9.38071180e-01 3.49891958e-02 2.69396244e-02
 2.69000000e+01 9.37742296e-01 3.51427507e-02 2.71149537e-02
 2.70000000e+01 9.37412085e-01 3.52968632e-02 2.72910521e-02
 2.71000000e+01 9.37080543e-01 3.54515342e-02 2.74679225e-02
 2.72000000e+01 9.36747668e-01 3.56067646e-02 2.76455677e-02
 2.73000000e+01 9.36413454e-01 3.57625555e-02 2.78239904e-02
 2.74000000e+01 9.36077899e-01 3.59189078e-02 2.80031935e-02
 2.75000000e+01 9.35740998e-01 3.60758223e-02 2.81831797e-02
 2.76000000e+01 9.35402748e-01 3.62333002e-02 2.83639520e-02
 2.77000000e+01 9.35063145e-01 3.63913421e-02 2.85455130e-02
 2.78000000e+01 9.34722185e-01 3.65499492e-02 2.87278658e-02
 2.79000000e+01 9.34379865e-01 3.67091223e-02 2.89110130e-02
 2.80000000e+01 9.34036180e-01 3.68688622e-02 2.90949576e-02
 2.81000000e+01 9.33691128e-01 3.70291700e-02 2.92797023e-02
 2.82000000e+01 9.33344704e-01 3.71900464e-02 2.94652501e-02
 2.83000000e+01 9.32996905e-01 3.73514914e-02 2.96516034e-02
 2.84000000e+01 9.32647729e-01 3.75135060e-02 2.98387652e-02
 2.85000000e+01 9.32297170e-01 3.76760915e-02 3.00267385e-02
 2.86000000e+01 9.31945225e-01 3.78392487e-02 3.02155261e-02
 2.87000000e+01 9.31591890e-01 3.80029786e-02 3.04051310e-02
 2.88000000e+01 9.31237162e-01 3.81672818e-02 3.05955560e-02
 2.89000000e+01 9.30881037e-01 3.83321592e-02 3.07868039e-02
 2.90000000e+01 9.30523511e-01 3.84976115e-02 3.09788777e-02
 2.91000000e+01 9.30164580e-01 3.86636396e-02 3.11717802e-02
 2.92000000e+01 9.29804242e-01 3.88302441e-02 3.13655143e-02
 2.93000000e+01 9.29442491e-01 3.89974259e-02 3.15600830e-02
 2.94000000e+01 9.29079325e-01 3.91651857e-02 3.17554890e-02
 2.95000000e+01 9.28714740e-01 3.93335243e-02 3.19517354e-02
 2.96000000e+01 9.28348733e-01 3.95024423e-02 3.21488250e-02
 2.97000000e+01 9.27981300e-01 3.96719399e-02 3.23467605e-02
 2.98000000e+01 9.27612438e-01 3.98420177e-02 3.25455447e-02
 2.99000000e+01 9.27242143e-01 4.00126766e-02 3.27451808e-02
 3.00000000e+01 9.26870411e-01 4.01839176e-02 3.29456716e-02
 3.01000000e+01 9.26497239e-01 4.03557411e-02 3.31470201e-02
 3.02000000e+01 9.26122623e-01 4.05281478e-02 3.33492292e-02
 3.03000000e+01 9.25746560e-01 4.07011383e-02 3.35523018e-02
 3.04000000e+01 9.25369046e-01 4.08747133e-02 3.37562408e-02
 3.05000000e+01 9.24990077e-01 4.10488734e-02 3.39610492e-02
 3.06000000e+01 9.24609651e-01 4.12236190e-02 3.41667298e-02
 3.07000000e+01 9.24227763e-01 4.13989508e-02 3.43732857e-02
 3.08000000e+01 9.23844411e-01 4.15748694e-02 3.45807198e-02
 3.09000000e+01 9.23459590e-01 4.17513753e-02 3.47890349e-02
 3.10000000e+01 9.23073297e-01 4.19284689e-02 3.49982342e-02
 3.11000000e+01 9.22685529e-01 4.21061509e-02 3.52083204e-02
 3.12000000e+01 9.22296282e-01 4.22844218e-02 3.54192965e-02
 3.13000000e+01 9.21905553e-01 4.24632817e-02 3.56311655e-02
 3.14000000e+01 9.21513339e-01 4.26427313e-02 3.58439301e-02
 3.15000000e+01 9.21119636e-01 4.28227710e-02 3.60575935e-02
 3.16000000e+01 9.20724440e-01 4.30034013e-02 3.62721586e-02
 3.17000000e+01 9.20327749e-01 4.31846226e-02 3.64876283e-02
 3.18000000e+01 9.19929559e-01 4.33664352e-02 3.67040056e-02
 3.19000000e+01 9.19529867e-01 4.35488397e-02 3.69212935e-02
 3.20000000e+01 9.19128669e-01 4.37318363e-02 3.71394949e-02
 3.21000000e+01 9.18725962e-01 4.39154253e-02 3.73586128e-02
 3.22000000e+01 9.18321743e-01 4.40996073e-02 3.75786501e-02
 3.23000000e+01 9.17916008e-01 4.42843823e-02 3.77996098e-02
 3.24000000e+01 9.17508754e-01 4.44697508e-02 3.80214949e-02
 3.25000000e+01 9.17099979e-01 4.46557130e-02 3.82443084e-02
 3.26000000e+01 9.16689678e-01 4.48422692e-02 3.84680531e-02
 3.27000000e+01 9.16277848e-01 4.50294196e-02 3.86927321e-02
 3.28000000e+01 9.15864487e-01 4.52171645e-02 3.89183483e-02
 3.29000000e+01 9.15449591e-01 4.54055043e-02 3.91449048e-02
 3.30000000e+01 9.15033156e-01 4.55944394e-02 3.93724045e-02
 3.31000000e+01 9.14615180e-01 4.57839696e-02 3.96008504e-02
 3.32000000e+01 9.14195659e-01 4.59740953e-02 3.98302454e-02
 3.33000000e+01 9.13774591e-01 4.61648165e-02 4.00605926e-02
 3.34000000e+01 9.13351972e-01 4.63561333e-02 4.02918948e-02
 3.35000000e+01 9.12927799e-01 4.65480460e-02 4.05241552e-02
 3.36000000e+01 9.12502069e-01 4.67405545e-02 4.07573766e-02
 3.37000000e+01 9.12074779e-01 4.69336589e-02 4.09915620e-02
 3.38000000e+01 9.11645926e-01 4.71273594e-02 4.12267144e-02
 3.39000000e+01 9.11215507e-01 4.73216560e-02 4.14628368e-02
 3.40000000e+01 9.10783519e-01 4.75165486e-02 4.16999321e-02
 3.41000000e+01 9.10349959e-01 4.77120374e-02 4.19380034e-02
 3.42000000e+01 9.09914824e-01 4.79081222e-02 4.21770536e-02
 3.43000000e+01 9.09478111e-01 4.81048031e-02 4.24170857e-02
 3.44000000e+01 9.09039817e-01 4.83020800e-02 4.26581027e-02
 3.45000000e+01 9.08599939e-01 4.84999531e-02 4.29001075e-02
 3.46000000e+01 9.08158474e-01 4.86984224e-02 4.31431033e-02
 3.47000000e+01 9.07715419e-01 4.88974877e-02 4.33870928e-02
 3.48000000e+01 9.07270772e-01 4.90971487e-02 4.36320792e-02
 3.49000000e+01 9.06824529e-01 4.92974054e-02 4.38780654e-02
 3.50000000e+01 9.06376688e-01 4.94982575e-02 4.41250543e-02
 3.51000000e+01 9.05927246e-01 4.96997050e-02 4.43730489e-02
 3.52000000e+01 9.05476200e-01 4.99017476e-02 4.46220523e-02
 3.53000000e+01 9.05023547e-01 5.01043852e-02 4.48720674e-02
 3.54000000e+01 9.04569285e-01 5.03076174e-02 4.51230971e-02
 3.55000000e+01 9.04113411e-01 5.05114441e-02 4.53751445e-02
 3.56000000e+01 9.03655923e-01 5.07158650e-02 4.56282125e-02
 3.57000000e+01 9.03196816e-01 5.09208797e-02 4.58823040e-02
 3.58000000e+01 9.02736090e-01 5.11264880e-02 4.61374222e-02
 3.59000000e+01 9.02273741e-01 5.13326896e-02 4.63935698e-02
 3.60000000e+01 9.01809766e-01 5.15394840e-02 4.66507500e-02
 3.61000000e+01 9.01344163e-01 5.17468710e-02 4.69089655e-02
 3.62000000e+01 9.00876930e-01 5.19548501e-02 4.71682195e-02
 3.63000000e+01 9.00408064e-01 5.21634210e-02 4.74285147e-02
 3.64000000e+01 8.99937563e-01 5.23725831e-02 4.76898543e-02
 3.65000000e+01 8.99465423e-01 5.25823361e-02 4.79522412e-02
 3.66000000e+01 8.98991642e-01 5.27926794e-02 4.82156783e-02
 3.67000000e+01 8.98516219e-01 5.30036125e-02 4.84801686e-02
 3.68000000e+01 8.98039150e-01 5.32151350e-02 4.87457150e-02
 3.69000000e+01 8.97560433e-01 5.34272463e-02 4.90123206e-02
 3.70000000e+01 8.97080066e-01 5.36399458e-02 4.92799881e-02
 3.71000000e+01 8.96598046e-01 5.38532330e-02 4.95487206e-02
 3.72000000e+01 8.96114372e-01 5.40671071e-02 4.98185211e-02
 3.73000000e+01 8.95629040e-01 5.42815677e-02 5.00893924e-02
 3.74000000e+01 8.95142048e-01 5.44966140e-02 5.03613375e-02
 3.75000000e+01 8.94653395e-01 5.47122454e-02 5.06343593e-02
 3.76000000e+01 8.94163078e-01 5.49284611e-02 5.09084608e-02
 3.77000000e+01 8.93671095e-01 5.51452604e-02 5.11836447e-02
 3.78000000e+01 8.93177443e-01 5.53626425e-02 5.14599140e-02
 3.79000000e+01 8.92682122e-01 5.55806066e-02 5.17372717e-02
 3.80000000e+01 8.92185127e-01 5.57991520e-02 5.20157206e-02
 3.81000000e+01 8.91686458e-01 5.60182779e-02 5.22952637e-02
 3.82000000e+01 8.91186113e-01 5.62379833e-02 5.25759039e-02
 3.83000000e+01 8.90684088e-01 5.64582675e-02 5.28576440e-02
 3.84000000e+01 8.90180383e-01 5.66791296e-02 5.31404871e-02
 3.85000000e+01 8.89674996e-01 5.69005685e-02 5.34244359e-02
 3.86000000e+01 8.89167923e-01 5.71225835e-02 5.37094933e-02
 3.87000000e+01 8.88659164e-01 5.73451734e-02 5.39956623e-02
 3.88000000e+01 8.88148717e-01 5.75683374e-02 5.42829456e-02
 3.89000000e+01 8.87636579e-01 5.77920744e-02 5.45713463e-02
 3.90000000e+01 8.87122750e-01 5.80163833e-02 5.48608671e-02
 3.91000000e+01 8.86607226e-01 5.82412631e-02 5.51515109e-02
 3.92000000e+01 8.86090007e-01 5.84667127e-02 5.54432805e-02
 3.93000000e+01 8.85571090e-01 5.86927309e-02 5.57361788e-02
 3.94000000e+01 8.85050475e-01 5.89193166e-02 5.60302084e-02
 3.95000000e+01 8.84528159e-01 5.91464686e-02 5.63253724e-02
 3.96000000e+01 8.84004141e-01 5.93741858e-02 5.66216736e-02
 3.97000000e+01 8.83478418e-01 5.96024668e-02 5.69191148e-02
 3.98000000e+01 8.82950991e-01 5.98313105e-02 5.72176988e-02
 3.99000000e+01 8.82421856e-01 6.00607156e-02 5.75174284e-02
 4.00000000e+01 8.81891013e-01 6.02906807e-02 5.78183064e-02
 4.01000000e+01 8.81358460e-01 6.05212046e-02 5.81203356e-02
 4.02000000e+01 8.80824195e-01 6.07522858e-02 5.84235189e-02
 4.03000000e+01 8.80288218e-01 6.09839230e-02 5.87278590e-02
 4.04000000e+01 8.79750527e-01 6.12161148e-02 5.90333587e-02
 4.05000000e+01 8.79211120e-01 6.14488597e-02 5.93400207e-02
 4.06000000e+01 8.78669996e-01 6.16821562e-02 5.96478478e-02
 4.07000000e+01 8.78127154e-01 6.19160029e-02 5.99568429e-02
 4.08000000e+01 8.77582593e-01 6.21503983e-02 6.02670085e-02
 4.09000000e+01 8.77036312e-01 6.23853407e-02 6.05783476e-02
 4.10000000e+01 8.76488309e-01 6.26208286e-02 6.08908628e-02
 4.11000000e+01 8.75938583e-01 6.28568605e-02 6.12045566e-02
 4.12000000e+01 8.75387133e-01 6.30934348e-02 6.15194319e-02
 4.13000000e+01 8.74833959e-01 6.33305497e-02 6.18354914e-02
 4.14000000e+01 8.74279059e-01 6.35682035e-02 6.21527378e-02
 4.15000000e+01 8.73722432e-01 6.38063946e-02 6.24711739e-02
 4.16000000e+01 8.73164077e-01 6.40451211e-02 6.27908022e-02
 4.17000000e+01 8.72603993e-01 6.42843814e-02 6.31116255e-02
 4.18000000e+01 8.72042180e-01 6.45241735e-02 6.34336464e-02
 4.19000000e+01 8.71478637e-01 6.47644956e-02 6.37568677e-02
 4.20000000e+01 8.70913362e-01 6.50053460e-02 6.40812918e-02
 4.21000000e+01 8.70346356e-01 6.52467226e-02 6.44069216e-02
 4.22000000e+01 8.69777617e-01 6.54886236e-02 6.47337595e-02
 4.23000000e+01 8.69207145e-01 6.57310470e-02 6.50618083e-02
 4.24000000e+01 8.68634939e-01 6.59739909e-02 6.53910705e-02
 4.25000000e+01 8.68060998e-01 6.62174531e-02 6.57215488e-02
 4.26000000e+01 8.67485323e-01 6.64614318e-02 6.60532457e-02
 4.27000000e+01 8.66907911e-01 6.67059247e-02 6.63861638e-02
 4.28000000e+01 8.66328764e-01 6.69509298e-02 6.67203057e-02
 4.29000000e+01 8.65747881e-01 6.71964454e-02 6.70556737e-02
 4.30000000e+01 8.65165260e-01 6.74424690e-02 6.73922705e-02
 4.31000000e+01 8.64580903e-01 6.76889984e-02 6.77300988e-02
 4.32000000e+01 8.63994808e-01 6.79360314e-02 6.80691609e-02
 4.33000000e+01 8.63406975e-01 6.81835658e-02 6.84094595e-02
 4.34000000e+01 8.62817404e-01 6.84315992e-02 6.87509969e-02
 4.35000000e+01 8.62226095e-01 6.86801293e-02 6.90937758e-02
 4.36000000e+01 8.61633048e-01 6.89291539e-02 6.94377986e-02
 4.37000000e+01 8.61038262e-01 6.91786705e-02 6.97830677e-02
 4.38000000e+01 8.60441738e-01 6.94286768e-02 7.01295857e-02
 4.39000000e+01 8.59843475e-01 6.96791703e-02 7.04773549e-02
 4.40000000e+01 8.59243474e-01 6.99301486e-02 7.08263778e-02
 4.41000000e+01 8.58641734e-01 7.01816092e-02 7.11766568e-02
 4.42000000e+01 8.58038256e-01 7.04335494e-02 7.15281943e-02
 4.43000000e+01 8.57433040e-01 7.06859669e-02 7.18809928e-02
 4.44000000e+01 8.56826086e-01 7.09388590e-02 7.22350545e-02
 4.45000000e+01 8.56217395e-01 7.11922230e-02 7.25903820e-02
 4.46000000e+01 8.55606966e-01 7.14460565e-02 7.29469774e-02
 4.47000000e+01 8.54994800e-01 7.17003570e-02 7.33048430e-02
 4.48000000e+01 8.54380897e-01 7.19551216e-02 7.36639813e-02
 4.49000000e+01 8.53765258e-01 7.22103474e-02 7.40243946e-02
 4.50000000e+01 8.53147883e-01 7.24660318e-02 7.43860851e-02
 4.51000000e+01 8.52528773e-01 7.27221719e-02 7.47490552e-02
 4.52000000e+01 8.51907928e-01 7.29787649e-02 7.51133071e-02
 4.53000000e+01 8.51285349e-01 7.32358080e-02 7.54788432e-02
 4.54000000e+01 8.50661036e-01 7.34932982e-02 7.58456655e-02
 4.55000000e+01 8.50034991e-01 7.37512327e-02 7.62137765e-02
 4.56000000e+01 8.49407213e-01 7.40096084e-02 7.65831782e-02
 4.57000000e+01 8.48777705e-01 7.42684223e-02 7.69538729e-02
 4.58000000e+01 8.48146466e-01 7.45276715e-02 7.73258628e-02
 4.59000000e+01 8.47513497e-01 7.47873529e-02 7.76991500e-02
 4.60000000e+01 8.46878800e-01 7.50474634e-02 7.80737367e-02
 4.61000000e+01 8.46242375e-01 7.53079999e-02 7.84496251e-02
 4.62000000e+01 8.45604224e-01 7.55689592e-02 7.88268172e-02
 4.63000000e+01 8.44964347e-01 7.58303381e-02 7.92053153e-02
 4.64000000e+01 8.44322745e-01 7.60921338e-02 7.95851212e-02
 4.65000000e+01 8.43679420e-01 7.63543429e-02 7.99662370e-02
 4.66000000e+01 8.43034373e-01 7.66169621e-02 8.03486649e-02
 4.67000000e+01 8.42387605e-01 7.68799880e-02 8.07324069e-02
 4.68000000e+01 8.41739118e-01 7.71434172e-02 8.11174651e-02
 4.69000000e+01 8.41088912e-01 7.74072464e-02 8.15038414e-02
 4.70000000e+01 8.40436990e-01 7.76714723e-02 8.18915379e-02
 4.71000000e+01 8.39783352e-01 7.79360913e-02 8.22805565e-02
 4.72000000e+01 8.39128001e-01 7.82011000e-02 8.26708991e-02
 4.73000000e+01 8.38470937e-01 7.84664949e-02 8.30625678e-02
 4.74000000e+01 8.37812163e-01 7.87322725e-02 8.34555644e-02
 4.75000000e+01 8.37151680e-01 7.89984292e-02 8.38498908e-02
 4.76000000e+01 8.36489490e-01 7.92649614e-02 8.42455490e-02
 4.77000000e+01 8.35825594e-01 7.95318654e-02 8.46425408e-02
 4.78000000e+01 8.35159994e-01 7.97991376e-02 8.50408681e-02
 4.79000000e+01 8.34492693e-01 8.00667744e-02 8.54405326e-02
 4.80000000e+01 8.33823692e-01 8.03347719e-02 8.58415363e-02
 4.81000000e+01 8.33152993e-01 8.06031264e-02 8.62438808e-02
 4.82000000e+01 8.32480597e-01 8.08718348e-02 8.66475680e-02
 4.83000000e+01 8.31806508e-01 8.11408928e-02 8.70525995e-02
 4.84000000e+01 8.31130726e-01 8.14102964e-02 8.74589773e-02
 4.85000000e+01 8.30453255e-01 8.16800419e-02 8.78667029e-02
 4.86000000e+01 8.29774097e-01 8.19501253e-02 8.82757780e-02
 4.87000000e+01 8.29093253e-01 8.22205427e-02 8.86862044e-02
 4.88000000e+01 8.28410726e-01 8.24912900e-02 8.90979838e-02
 4.89000000e+01 8.27726519e-01 8.27623633e-02 8.95111177e-02
 4.90000000e+01 8.27040634e-01 8.30337586e-02 8.99256078e-02
 4.91000000e+01 8.26353073e-01 8.33054717e-02 9.03414556e-02
 4.92000000e+01 8.25663839e-01 8.35774986e-02 9.07586628e-02
 4.93000000e+01 8.24972934e-01 8.38498350e-02 9.11772310e-02
 4.94000000e+01 8.24280362e-01 8.41224769e-02 9.15971616e-02
 4.95000000e+01 8.23586124e-01 8.43954201e-02 9.20184561e-02
 4.96000000e+01 8.22890224e-01 8.46686602e-02 9.24411161e-02
 4.97000000e+01 8.22192664e-01 8.49421931e-02 9.28651431e-02
 4.98000000e+01 8.21493447e-01 8.52160144e-02 9.32905385e-02
 4.99000000e+01 8.20792577e-01 8.54901198e-02 9.37173037e-02
 5.00000000e+01 8.20090054e-01 8.57645058e-02 9.41454401e-02
 5.01000000e+01 8.19385884e-01 8.60391673e-02 9.45749491e-02
 5.02000000e+01 8.18680068e-01 8.63141000e-02 9.50058322e-02
 5.03000000e+01 8.17972610e-01 8.65892993e-02 9.54380905e-02
 5.04000000e+01 8.17263514e-01 8.68647608e-02 9.58717255e-02
 5.05000000e+01 8.16552781e-01 8.71404800e-02 9.63067385e-02
 5.06000000e+01 8.15840417e-01 8.74164524e-02 9.67431307e-02
 5.07000000e+01 8.15126423e-01 8.76926733e-02 9.71809034e-02
 5.08000000e+01 8.14410804e-01 8.79691383e-02 9.76200578e-02
 5.09000000e+01 8.13693562e-01 8.82458425e-02 9.80605951e-02
 5.10000000e+01 8.12974702e-01 8.85227815e-02 9.85025166e-02
 5.11000000e+01 8.12254226e-01 8.87999504e-02 9.89458233e-02
 5.12000000e+01 8.11532139e-01 8.90773446e-02 9.93905164e-02
 5.13000000e+01 8.10808444e-01 8.93549593e-02 9.98365971e-02
 5.14000000e+01 8.10083144e-01 8.96327897e-02 1.00284066e-01
 5.15000000e+01 8.09356244e-01 8.99108309e-02 1.00732925e-01
 5.16000000e+01 8.08627747e-01 9.01890782e-02 1.01183175e-01
 5.17000000e+01 8.07897657e-01 9.04675271e-02 1.01634816e-01
 5.18000000e+01 8.07165977e-01 9.07461729e-02 1.02087851e-01
 5.19000000e+01 8.06432711e-01 9.10250102e-02 1.02542278e-01
 5.20000000e+01 8.05697865e-01 9.13040341e-02 1.02998101e-01
 5.21000000e+01 8.04961441e-01 9.15832396e-02 1.03455319e-01
 5.22000000e+01 8.04223445e-01 9.18626217e-02 1.03913934e-01
 5.23000000e+01 8.03483879e-01 9.21421754e-02 1.04373946e-01
 5.24000000e+01 8.02742749e-01 9.24218955e-02 1.04835356e-01
 5.25000000e+01 8.02000058e-01 9.27017770e-02 1.05298165e-01
 5.26000000e+01 8.01255811e-01 9.29818147e-02 1.05762374e-01
 5.27000000e+01 8.00510013e-01 9.32620035e-02 1.06227983e-01
 5.28000000e+01 7.99762667e-01 9.35423382e-02 1.06694994e-01
 5.29000000e+01 7.99013779e-01 9.38228136e-02 1.07163407e-01
 5.30000000e+01 7.98263353e-01 9.41034245e-02 1.07633223e-01
 5.31000000e+01 7.97511393e-01 9.43841654e-02 1.08104442e-01
 5.32000000e+01 7.96757904e-01 9.46650313e-02 1.08577065e-01
 5.33000000e+01 7.96002891e-01 9.49460166e-02 1.09051092e-01
 5.34000000e+01 7.95246359e-01 9.52271161e-02 1.09526525e-01
 5.35000000e+01 7.94488311e-01 9.55083250e-02 1.10003364e-01
 5.36000000e+01 7.93728754e-01 9.57896379e-02 1.10481608e-01
 5.37000000e+01 7.92967691e-01 9.60710489e-02 1.10961260e-01
 5.38000000e+01 7.92205128e-01 9.63525527e-02 1.11442319e-01
 5.39000000e+01 7.91441070e-01 9.66341437e-02 1.11924786e-01
 5.40000000e+01 7.90675523e-01 9.69158164e-02 1.12408661e-01
 5.41000000e+01 7.89908490e-01 9.71975653e-02 1.12893945e-01
 5.42000000e+01 7.89139978e-01 9.74793849e-02 1.13380637e-01
 5.43000000e+01 7.88369992e-01 9.77612695e-02 1.13868739e-01
 5.44000000e+01 7.87598536e-01 9.80432136e-02 1.14358250e-01
 5.45000000e+01 7.86825617e-01 9.83252116e-02 1.14849171e-01
 5.46000000e+01 7.86051240e-01 9.86072576e-02 1.15341503e-01
 5.47000000e+01 7.85275410e-01 9.88893462e-02 1.15835244e-01
 5.48000000e+01 7.84498132e-01 9.91714715e-02 1.16330396e-01
 5.49000000e+01 7.83719413e-01 9.94536278e-02 1.16826959e-01
 5.50000000e+01 7.82939258e-01 9.97358094e-02 1.17324933e-01
 5.51000000e+01 7.82157672e-01 1.00018010e-01 1.17824317e-01
 5.52000000e+01 7.81374662e-01 1.00300225e-01 1.18325113e-01
 5.53000000e+01 7.80590232e-01 1.00582449e-01 1.18827320e-01
 5.54000000e+01 7.79804388e-01 1.00864675e-01 1.19330938e-01
 5.55000000e+01 7.79017137e-01 1.01146897e-01 1.19835967e-01
 5.56000000e+01 7.78228484e-01 1.01429109e-01 1.20342407e-01
 5.57000000e+01 7.77438435e-01 1.01711307e-01 1.20850258e-01
 5.58000000e+01 7.76646997e-01 1.01993482e-01 1.21359520e-01
 5.59000000e+01 7.75854176e-01 1.02275631e-01 1.21870193e-01
 5.60000000e+01 7.75059977e-01 1.02557746e-01 1.22382277e-01
 5.61000000e+01 7.74264407e-01 1.02839822e-01 1.22895771e-01
 5.62000000e+01 7.73467472e-01 1.03121853e-01 1.23410676e-01
 5.63000000e+01 7.72669178e-01 1.03403832e-01 1.23926990e-01
 5.64000000e+01 7.71869532e-01 1.03685754e-01 1.24444714e-01
 5.65000000e+01 7.71068540e-01 1.03967612e-01 1.24963848e-01
 5.66000000e+01 7.70266209e-01 1.04249400e-01 1.25484390e-01
 5.67000000e+01 7.69462545e-01 1.04531113e-01 1.26006342e-01
 5.68000000e+01 7.68657554e-01 1.04812744e-01 1.26529702e-01
 5.69000000e+01 7.67851244e-01 1.05094287e-01 1.27054469e-01
 5.70000000e+01 7.67043620e-01 1.05375736e-01 1.27580644e-01
 5.71000000e+01 7.66234689e-01 1.05657085e-01 1.28108227e-01
 5.72000000e+01 7.65424457e-01 1.05938328e-01 1.28637216e-01
 5.73000000e+01 7.64612932e-01 1.06219458e-01 1.29167610e-01
 5.74000000e+01 7.63800121e-01 1.06500469e-01 1.29699411e-01
 5.75000000e+01 7.62986030e-01 1.06781355e-01 1.30232616e-01
 5.76000000e+01 7.62170666e-01 1.07062109e-01 1.30767225e-01
 5.77000000e+01 7.61354037e-01 1.07342726e-01 1.31303237e-01
 5.78000000e+01 7.60536149e-01 1.07623199e-01 1.31840652e-01
 5.79000000e+01 7.59717009e-01 1.07903521e-01 1.32379469e-01
 5.80000000e+01 7.58896625e-01 1.08183687e-01 1.32919688e-01
 5.81000000e+01 7.58075004e-01 1.08463689e-01 1.33461307e-01
 5.82000000e+01 7.57252153e-01 1.08743522e-01 1.34004325e-01
 5.83000000e+01 7.56428079e-01 1.09023179e-01 1.34548742e-01
 5.84000000e+01 7.55602789e-01 1.09302654e-01 1.35094557e-01
 5.85000000e+01 7.54776292e-01 1.09581940e-01 1.35641768e-01
 5.86000000e+01 7.53948593e-01 1.09861031e-01 1.36190376e-01
 5.87000000e+01 7.53119702e-01 1.10139920e-01 1.36740379e-01
 5.88000000e+01 7.52289624e-01 1.10418601e-01 1.37291775e-01
 5.89000000e+01 7.51458366e-01 1.10697069e-01 1.37844565e-01
 5.90000000e+01 7.50625938e-01 1.10975316e-01 1.38398746e-01
 5.91000000e+01 7.49792347e-01 1.11253335e-01 1.38954318e-01
 5.92000000e+01 7.48957599e-01 1.11531121e-01 1.39511280e-01
 5.93000000e+01 7.48121704e-01 1.11808666e-01 1.40069630e-01
 5.94000000e+01 7.47284669e-01 1.12085964e-01 1.40629367e-01
 5.95000000e+01 7.46446501e-01 1.12363009e-01 1.41190490e-01
 5.96000000e+01 7.45607209e-01 1.12639794e-01 1.41752998e-01
 5.97000000e+01 7.44766800e-01 1.12916312e-01 1.42316888e-01
 5.98000000e+01 7.43925282e-01 1.13192557e-01 1.42882161e-01
 5.99000000e+01 7.43082663e-01 1.13468523e-01 1.43448814e-01
 6.00000000e+01 7.42238952e-01 1.13744202e-01 1.44016846e-01
 6.01000000e+01 7.41394156e-01 1.14019588e-01 1.44586256e-01
 6.02000000e+01 7.40548283e-01 1.14294674e-01 1.45157042e-01
 6.03000000e+01 7.39701342e-01 1.14569455e-01 1.45729203e-01
 6.04000000e+01 7.38853341e-01 1.14843922e-01 1.46302737e-01
 6.05000000e+01 7.38004288e-01 1.15118071e-01 1.46877642e-01
 6.06000000e+01 7.37154190e-01 1.15391893e-01 1.47453917e-01
 6.07000000e+01 7.36303055e-01 1.15665384e-01 1.48031561e-01
 6.08000000e+01 7.35450894e-01 1.15938535e-01 1.48610571e-01
 6.09000000e+01 7.34597713e-01 1.16211341e-01 1.49190947e-01
 6.10000000e+01 7.33743521e-01 1.16483793e-01 1.49772685e-01
 6.11000000e+01 7.32888328e-01 1.16755887e-01 1.50355785e-01
 6.12000000e+01 7.32032140e-01 1.17027615e-01 1.50940244e-01
 6.13000000e+01 7.31174968e-01 1.17298971e-01 1.51526062e-01
 6.14000000e+01 7.30316819e-01 1.17569947e-01 1.52113235e-01
 6.15000000e+01 7.29457701e-01 1.17840537e-01 1.52701761e-01
 6.16000000e+01 7.28597625e-01 1.18110735e-01 1.53291640e-01
 6.17000000e+01 7.27736597e-01 1.18380534e-01 1.53882869e-01
 6.18000000e+01 7.26874628e-01 1.18649926e-01 1.54475446e-01
 6.19000000e+01 7.26011725e-01 1.18918906e-01 1.55069368e-01
 6.20000000e+01 7.25147898e-01 1.19187467e-01 1.55664635e-01
 6.21000000e+01 7.24283156e-01 1.19455602e-01 1.56261243e-01
 6.22000000e+01 7.23417506e-01 1.19723303e-01 1.56859190e-01
 6.23000000e+01 7.22550959e-01 1.19990566e-01 1.57458475e-01
 6.24000000e+01 7.21683522e-01 1.20257383e-01 1.58059096e-01
 6.25000000e+01 7.20815204e-01 1.20523747e-01 1.58661049e-01
 6.26000000e+01 7.19946014e-01 1.20789652e-01 1.59264333e-01
 6.27000000e+01 7.19075963e-01 1.21055091e-01 1.59868946e-01
 6.28000000e+01 7.18205058e-01 1.21320057e-01 1.60474885e-01
 6.29000000e+01 7.17333309e-01 1.21584544e-01 1.61082147e-01
 6.30000000e+01 7.16460725e-01 1.21848544e-01 1.61690731e-01
 6.31000000e+01 7.15587315e-01 1.22112052e-01 1.62300633e-01
 6.32000000e+01 7.14713089e-01 1.22375060e-01 1.62911851e-01
 6.33000000e+01 7.13838054e-01 1.22637562e-01 1.63524384e-01
 6.34000000e+01 7.12962222e-01 1.22899551e-01 1.64138227e-01
 6.35000000e+01 7.12085600e-01 1.23161021e-01 1.64753379e-01
 6.36000000e+01 7.11208199e-01 1.23421964e-01 1.65369837e-01
 6.37000000e+01 7.10330027e-01 1.23682374e-01 1.65987599e-01
 6.38000000e+01 7.09451094e-01 1.23942245e-01 1.66606661e-01
 6.39000000e+01 7.08571409e-01 1.24201570e-01 1.67227021e-01
 6.40000000e+01 7.07690982e-01 1.24460342e-01 1.67848676e-01
 6.41000000e+01 7.06809822e-01 1.24718554e-01 1.68471624e-01
 6.42000000e+01 7.05927937e-01 1.24976201e-01 1.69095861e-01
 6.43000000e+01 7.05045338e-01 1.25233276e-01 1.69721386e-01
 6.44000000e+01 7.04162035e-01 1.25489771e-01 1.70348195e-01
 6.45000000e+01 7.03278036e-01 1.25745680e-01 1.70976284e-01
 6.46000000e+01 7.02393352e-01 1.26000997e-01 1.71605652e-01
 6.47000000e+01 7.01507991e-01 1.26255714e-01 1.72236294e-01
 6.48000000e+01 7.00621964e-01 1.26509827e-01 1.72868209e-01
 6.49000000e+01 6.99735281e-01 1.26763327e-01 1.73501393e-01
 6.50000000e+01 6.98847949e-01 1.27016208e-01 1.74135843e-01
 6.51000000e+01 6.97959981e-01 1.27268464e-01 1.74771555e-01
 6.52000000e+01 6.97071384e-01 1.27520088e-01 1.75408527e-01
 6.53000000e+01 6.96182170e-01 1.27771074e-01 1.76046756e-01
 6.54000000e+01 6.95292347e-01 1.28021415e-01 1.76686238e-01
 6.55000000e+01 6.94401925e-01 1.28271105e-01 1.77326970e-01
