 1.00000000e-01 9.90000000e-01 1.00000000e-02 0.00000000e+00
 2.00000000e-01 9.89848881e-01 1.01008660e-02 5.02527481e-05
 3.00000000e-01 9.89694987e-01 1.02039972e-02 1.01016135e-04
 4.00000000e-01 9.89538265e-01 1.03094348e-02 1.52300189e-04
 5.00000000e-01 9.89378661e-01 1.04172235e-02 2.04115749e-04
 6.00000000e-01 9.89216107e-01 1.05274175e-02 2.56475905e-04
 7.00000000e-01 9.89050538e-01 1.06400688e-02 3.09393231e-04
 8.00000000e-01 9.88881890e-01 1.07552296e-02 3.62880339e-04
 9.00000000e-01 9.88710097e-01 1.08729530e-02 4.16949993e-04
 1.00000000e+00 9.88535092e-01 1.09932925e-02 4.71615075e-04
 1.10000000e+00 9.88356810e-01 1.11163013e-02 5.26888357e-04
 1.20000000e+00 9.88175177e-01 1.12420393e-02 5.82784193e-04
 1.30000000e+00 9.87990125e-01 1.13705594e-02 6.39315322e-04
 1.40000000e+00 9.87801581e-01 1.15019231e-02 6.96496388e-04
 1.50000000e+00 9.87609468e-01 1.16361901e-02 7.54341691e-04
 1.60000000e+00 9.87413714e-01 1.17734202e-02 8.12865537e-04
 1.70000000e+00 9.87214239e-01 1.19136777e-02 8.72083219e-04
 1.80000000e+00 9.87010966e-01 1.20570247e-02 9.32009558e-04
 1.90000000e+00 9.86803810e-01 1.22035295e-02 9.92660816e-04
 2.00000000e+00 9.86592690e-01 1.23532577e-02 1.05405258e-03
 2.10000000e+00 9.86377524e-01 1.25062755e-02 1.11620064e-03
 2.20000000e+00 9.86158225e-01 1.26626530e-02 1.17912161e-03
 2.30000000e+00 9.85934705e-01 1.28224626e-02 1.24283271e-03
 2.40000000e+00 9.85706870e-01 1.29857781e-02 1.30735143e-03
 2.50000000e+00 9.85474628e-01 1.31526758e-02 1.37269582e-03
 2.60000000e+00 9.85237888e-01 1.33232289e-02 1.43888336e-03
 2.70000000e+00 9.84996549e-01 1.34975178e-02 1.50593305e-03
 2.80000000e+00 9.84750513e-01 1.36756230e-02 1.57386395e-03
 2.90000000e+00 9.84499680e-01 1.38576252e-02 1.64269524e-03
 3.00000000e+00 9.84243947e-01 1.40436069e-02 1.71244650e-03
 3.10000000e+00 9.83983209e-01 1.42336533e-02 1.78313791e-03
 3.20000000e+00 9.83717359e-01 1.44278509e-02 1.85478999e-03
 3.30000000e+00 9.83446288e-01 1.46262882e-02 1.92742383e-03
 3.40000000e+00 9.83169884e-01 1.48290549e-02 2.00106066e-03
 3.50000000e+00 9.82888035e-01 1.50362424e-02 2.07572222e-03
 3.60000000e+00 9.82600621e-01 1.52479472e-02 2.15143159e-03
 3.70000000e+00 9.82307525e-01 1.54642640e-02 2.22821125e-03
 3.80000000e+00 9.82008626e-01 1.56852896e-02 2.30608424e-03
 3.90000000e+00 9.81703803e-01 1.59111232e-02 2.38507415e-03
 4.00000000e+00 9.81392930e-01 1.61418655e-02 2.46520499e-03
 4.10000000e+00 9.81075872e-01 1.63776248e-02 2.54650296e-03
 4.20000000e+00 9.80752503e-01 1.66185047e-02 2.62899269e-03
 4.30000000e+00 9.80422688e-01 1.68646121e-02 2.71269975e-03
 4.40000000e+00 9.80086293e-01 1.71160564e-02 2.79765031e-03
 4.50000000e+00 9.79743180e-01 1.73729488e-02 2.88387102e-03
 4.60000000e+00 9.79393200e-01 1.76354085e-02 2.97139116e-03
 4.70000000e+00 9.79036213e-01 1.79035491e-02 3.06023783e-03
 4.80000000e+00 9.78672072e-01 1.81774886e-02 3.15043950e-03
 4.90000000e+00 9.78300627e-01 1.84573475e-02 3.24202524e-03
 5.00000000e+00 9.77921727e-01 1.87432482e-02 3.33502467e-03
 5.10000000e+00 9.77535210e-01 1.90353202e-02 3.42947015e-03
 5.20000000e+00 9.77140920e-01 1.93336885e-02 3.52539168e-03
 5.30000000e+00 9.76738696e-01 1.96384827e-02 3.62282091e-03
 5.40000000e+00 9.76328375e-01 1.99498346e-02 3.72179006e-03
 5.50000000e+00 9.75909789e-01 2.02678785e-02 3.82233205e-03
 5.60000000e+00 9.75482763e-01 2.05927542e-02 3.92448245e-03
 5.70000000e+00 9.75047127e-01 2.09245989e-02 4.02827459e-03
 5.80000000e+00 9.74602703e-01 2.12635539e-02 4.13374351e-03
 5.90000000e+00 9.74149312e-01 2.16097630e-02 4.24092487e-03
 6.00000000e+00 9.73686773e-01 2.19633721e-02 4.34985519e-03
 6.10000000e+00 9.73214895e-01 2.23245318e-02 4.46057352e-03
 6.20000000e+00 9.72733491e-01 2.26933919e-02 4.57311685e-03
 6.30000000e+00 9.72242371e-01 2.30701055e-02 4.68752386e-03
 6.40000000e+00 9.71741338e-01 2.34548283e-02 4.80383396e-03
 6.50000000e+00 9.71230194e-01 2.38477182e-02 4.92208755e-03
 6.60000000e+00 9.70708736e-01 2.42489364e-02 5.04232749e-03
 6.70000000e+00 9.70176760e-01 2.46586452e-02 5.16459467e-03
 6.80000000e+00 9.69634059e-01 2.50770096e-02 5.28893177e-03
 6.90000000e+00 9.69080421e-01 2.55041972e-02 5.41538220e-03
 7.00000000e+00 9.68515632e-01 2.59403775e-02 5.54399058e-03
 7.10000000e+00 9.67939475e-01 2.63857217e-02 5.67480379e-03
 7.20000000e+00 9.67351728e-01 2.68404046e-02 5.80786696e-03
 7.30000000e+00 9.66752170e-01 2.73046027e-02 5.94322705e-03
 7.40000000e+00 9.66140573e-01 2.77784951e-02 6.08093180e-03
 7.50000000e+00 9.65516708e-01 2.82622619e-02 6.22103031e-03
 7.60000000e+00 9.64880343e-01 2.87560837e-02 6.36357371e-03
 7.70000000e+00 9.64231241e-01 2.92601471e-02 6.50861170e-03
 7.80000000e+00 9.63569165e-01 2.97746395e-02 6.65619578e-03
 7.90000000e+00 9.62893871e-01 3.02997504e-02 6.80637829e-03
 8.00000000e+00 9.62205118e-01 3.08356694e-02 6.95921307e-03
 8.10000000e+00 9.61502659e-01 3.13825849e-02 7.11475573e-03
 8.20000000e+00 9.60786245e-01 3.19406947e-02 7.27306081e-03
 8.30000000e+00 9.60055620e-01 3.25101953e-02 7.43418461e-03
 8.40000000e+00 9.59310530e-01 3.30912855e-02 7.59818433e-03
 8.50000000e+00 9.58550718e-01 3.36841634e-02 7.76511853e-03
 8.60000000e+00 9.57775927e-01 3.42890257e-02 7.93504724e-03
 8.70000000e+00 9.56985892e-01 3.49060771e-02 8.10803044e-03
 8.80000000e+00 9.56180349e-01 3.55355213e-02 8.28412950e-03
 8.90000000e+00 9.55359033e-01 3.61775604e-02 8.46340706e-03
 9.00000000e+00 9.54521675e-01 3.68323978e-02 8.64592680e-03
 9.10000000e+00 9.53668006e-01 3.75002414e-02 8.83175306e-03
 9.20000000e+00 9.52797750e-01 3.81812991e-02 9.02095139e-03
 9.30000000e+00 9.51910637e-01 3.88757743e-02 9.21358847e-03
 9.40000000e+00 9.51006393e-01 3.95838748e-02 9.40973192e-03
 9.50000000e+00 9.50084739e-01 4.03058108e-02 9.60945035e-03
 9.60000000e+00 9.49145394e-01 4.10417922e-02 9.81281342e-03
 9.70000000e+00 9.48188088e-01 4.17920202e-02 1.00198920e-02
 9.80000000e+00 9.47212536e-01 4.25567060e-02 1.02307577e-02
 9.90000000e+00 9.46218457e-01 4.33360593e-02 1.04454834e-02
 1.00000000e+01 9.45205568e-01 4.41302889e-02 1.06641429e-02
 1.01000000e+01 9.44173594e-01 4.49395950e-02 1.08868112e-02
 1.02000000e+01 9.43122249e-01 4.57641867e-02 1.11135642e-02
 1.03000000e+01 9.42051251e-01 4.66042700e-02 1.13444788e-02
 1.04000000e+01 9.40960324e-01 4.74600426e-02 1.15796329e-02
 1.05000000e+01 9.39849186e-01 4.83317086e-02 1.18191055e-02
 1.06000000e+01 9.38717554e-01 4.92194691e-02 1.20629767e-02
 1.07000000e+01 9.37565155e-01 5.01235178e-02 1.23113272e-02
 1.08000000e+01 9.36391710e-01 5.10440511e-02 1.25642390e-02
 1.09000000e+01 9.35196941e-01 5.19812642e-02 1.28217952e-02
 1.10000000e+01 9.33980577e-01 5.29353440e-02 1.30840795e-02
 1.11000000e+01 9.32742346e-01 5.39064772e-02 1.33511766e-02
 1.12000000e+01 9.31481977e-01 5.48948506e-02 1.36231726e-02
 1.13000000e+01 9.30199204e-01 5.59006424e-02 1.39001538e-02
 1.14000000e+01 9.28893766e-01 5.69240262e-02 1.41822077e-02
 1.15000000e+01 9.27565398e-01 5.79651786e-02 1.44694230e-02
 1.16000000e+01 9.26213845e-01 5.90242665e-02 1.47618889e-02
 1.17000000e+01 9.24838855e-01 6.01014497e-02 1.50596953e-02
 1.18000000e+01 9.23440178e-01 6.11968891e-02 1.53629332e-02
 1.19000000e+01 9.22017567e-01 6.23107383e-02 1.56716945e-02
 1.20000000e+01 9.20570786e-01 6.34431424e-02 1.59860712e-02
 1.21000000e+01 9.19099600e-01 6.45942428e-02 1.63061568e-02
 1.22000000e+01 9.17603782e-01 6.57641728e-02 1.66320449e-02
 1.23000000e+01 9.16083109e-01 6.69530605e-02 1.69638301e-02
 1.24000000e+01 9.14537365e-01 6.81610277e-02 1.73016073e-02
 1.25000000e+01 9.12966342e-01 6.93881856e-02 1.76454724e-02
 1.26000000e+01 9.11369840e-01 7.06346386e-02 1.79955214e-02
 1.27000000e+01 9.09747662e-01 7.19004870e-02 1.83518511e-02
 1.28000000e+01 9.08099623e-01 7.31858185e-02 1.87145587e-02
 1.29000000e+01 9.06425545e-01 7.44907135e-02 1.90837418e-02
 1.30000000e+01 9.04725258e-01 7.58152436e-02 1.94594984e-02
 1.31000000e+01 9.02998602e-01 7.71594713e-02 1.98419268e-02
 1.32000000e+01 9.01245425e-01 7.85234493e-02 2.02311257e-02
 1.33000000e+01 8.99465585e-01 7.99072207e-02 2.06271940e-02
 1.34000000e+01 8.97658953e-01 8.13108164e-02 2.10302306e-02
 1.35000000e+01 8.95825407e-01 8.27342586e-02 2.14403348e-02
 1.36000000e+01 8.93964836e-01 8.41775578e-02 2.18576059e-02
 1.37000000e+01 8.92077144e-01 8.56407128e-02 2.22821431e-02
 1.38000000e+01 8.90162244e-01 8.71237105e-02 2.27140456e-02
 1.39000000e+01 8.88220061e-01 8.86265261e-02 2.31534127e-02
 1.40000000e+01 8.86250534e-01 9.01491222e-02 2.36003434e-02
 1.41000000e+01 8.84253614e-01 9.16914494e-02 2.40549364e-02
 1.42000000e+01 8.82229265e-01 9.32534452e-02 2.45172901e-02
 1.43000000e+01 8.80177464e-01 9.48350329e-02 2.49875028e-02
 1.44000000e+01 8.78098205e-01 9.64361226e-02 2.54656723e-02
 1.45000000e+01 8.75991492e-01 9.80566120e-02 2.59518959e-02
 1.46000000e+01 8.73857346e-01 9.96963845e-02 2.64462700e-02
 1.47000000e+01 8.71695801e-01 1.01355308e-01 2.69488909e-02
 1.48000000e+01 8.69506910e-01 1.03033236e-01 2.74598542e-02
 1.49000000e+01 8.67290737e-01 1.04730009e-01 2.79792542e-02
 1.50000000e+01 8.65047362e-01 1.06445453e-01 2.85071848e-02
 1.51000000e+01 8.62776885e-01 1.08179377e-01 2.90437389e-02
 1.52000000e+01 8.60479417e-01 1.09931574e-01 2.95890085e-02
 1.53000000e+01 8.58155090e-01 1.11701826e-01 3.01430844e-02
 1.54000000e+01 8.55804046e-01 1.13489898e-01 3.07060560e-02
 1.55000000e+01 8.53426452e-01 1.15295536e-01 3.12780121e-02
 1.56000000e+01 8.51022486e-01 1.17118474e-01 3.18590398e-02
 1.57000000e+01 8.48592345e-01 1.18958430e-01 3.24492249e-02
 1.58000000e+01 8.46136241e-01 1.20815107e-01 3.30486516e-02
 1.59000000e+01 8.43654407e-01 1.22688190e-01 3.36574029e-02
 1.60000000e+01 8.41147091e-01 1.24577349e-01 3.42755600e-02
 1.61000000e+01 8.38614559e-01 1.26482239e-01 3.49032023e-02
 1.62000000e+01 8.36057090e-01 1.28402502e-01 3.55404077e-02
 1.63000000e+01 8.33474988e-01 1.30337760e-01 3.61872521e-02
 1.64000000e+01 8.30868570e-01 1.32287620e-01 3.68438094e-02
 1.65000000e+01 8.28238171e-01 1.34251677e-01 3.75101517e-02
 1.66000000e+01 8.25584139e-01 1.36229512e-01 3.81863490e-02
 1.67000000e+01 8.22906846e-01 1.38220685e-01 3.88724690e-02
 1.68000000e+01 8.20206679e-01 1.40224744e-01 3.95685772e-02
 1.69000000e+01 8.17484039e-01 1.42241224e-01 4.02747371e-02
 1.70000000e+01 8.14739343e-01 1.44269648e-01 4.09910094e-02
 1.71000000e+01 8.11973028e-01 1.46309519e-01 4.17174527e-02
 1.72000000e+01 8.09185548e-01 1.48360329e-01 4.24541229e-02
 1.73000000e+01 8.06377370e-01 1.50421556e-01 4.32010734e-02
 1.74000000e+01 8.03548974e-01 1.52492671e-01 4.39583551e-02
 1.75000000e+01 8.00700860e-01 1.54573124e-01 4.47260160e-02
 1.76000000e+01 7.97833543e-01 1.56662356e-01 4.55041013e-02
 1.77000000e+01 7.94947552e-01 1.58759795e-01 4.62926535e-02
 1.78000000e+01 7.92043424e-01 1.60864864e-01 4.70917124e-02
 1.79000000e+01 7.89121719e-01 1.62976967e-01 4.79013145e-02
 1.80000000e+01 7.86183007e-01 1.65095500e-01 4.87214934e-02
 1.81000000e+01 7.83227870e-01 1.67219850e-01 4.95522797e-02
 1.82000000e+01 7.80256900e-01 1.69349398e-01 5.03937012e-02
 1.83000000e+01 7.77270707e-01 1.71483511e-01 5.12457822e-02
 1.84000000e+01 7.74269910e-01 1.73621547e-01 5.21085436e-02
 1.85000000e+01 7.71255137e-01 1.75762859e-01 5.29820037e-02
 1.86000000e+01 7.68227026e-01 1.77906797e-01 5.38661774e-02
 1.87000000e+01 7.65186228e-01 1.80052696e-01 5.47610760e-02
 1.88000000e+01 7.62133403e-01 1.82199889e-01 5.56667074e-02
 1.89000000e+01 7.59069219e-01 1.84347704e-01 5.65830766e-02
 1.90000000e+01 7.55994348e-01 1.86495467e-01 5.75101853e-02
 1.91000000e+01 7.52909475e-01 1.88642494e-01 5.84480312e-02
 1.92000000e+01 7.49815290e-01 1.90788101e-01 5.93966089e-02
 1.93000000e+01 7.46712490e-01 1.92931601e-01 6.03559095e-02
 1.94000000e+01 7.43601773e-01 1.95072306e-01 6.13259212e-02
 1.95000000e+01 7.40483848e-01 1.97209524e-01 6.23066280e-02
 1.96000000e+01 7.37359424e-01 1.99342565e-01 6.32980106e-02
 1.97000000e+01 7.34229218e-01 2.01470736e-01 6.43000464e-02
 1.98000000e+01 7.31093943e-01 2.03593348e-01 6.53127098e-02
 1.99000000e+01 7.27954319e-01 2.05709710e-01 6.63359708e-02
 2.00000000e+01 7.24811068e-01 2.07819135e-01 6.73697965e-02
 2.01000000e+01 7.21664912e-01 2.09920938e-01 6.84141504e-02
 2.02000000e+01 7.18516570e-01 2.12014437e-01 6.94689931e-02
 2.03000000e+01 7.15366765e-01 2.14098954e-01 7.05342812e-02
 2.04000000e+01 7.12216217e-01 2.16173815e-01 7.16099679e-02
 2.05000000e+01 7.09065644e-01 2.18238353e-01 7.26960030e-02
 2.06000000e+01 7.05915762e-01 2.20291904e-01 7.37923341e-02
 2.07000000e+01 7.02767283e-01 2.22333813e-01 7.48989041e-02
 2.08000000e+01 6.99620918e-01 2.24363429e-01 7.60156530e-02
 2.09000000e+01 6.96477370e-01 2.26380113e-01 7.71425178e-02
 2.10000000e+01 6.93337341e-01 2.28383226e-01 7.82794331e-02
 2.11000000e+01 6.90201525e-01 2.30372146e-01 7.94263288e-02
 2.12000000e+01 6.87070610e-01 2.32346258e-01 8.05831323e-02
 2.13000000e+01 6.83945276e-01 2.34304956e-01 8.17497679e-02
 2.14000000e+01 6.80826201e-01 2.36247643e-01 8.29261569e-02
 2.15000000e+01 6.77714052e-01 2.38173729e-01 8.41122191e-02
 2.16000000e+01 6.74609487e-01 2.40082644e-01 8.53078691e-02
 2.17000000e+01 6.71513156e-01 2.41973825e-01 8.65130195e-02
 2.18000000e+01 6.68425697e-01 2.43846723e-01 8.77275797e-02
 2.19000000e+01 6.65347743e-01 2.45700800e-01 8.89514573e-02
 2.20000000e+01 6.62279918e-01 2.47535525e-01 9.01845572e-02
 2.21000000e+01 6.59222829e-01 2.49350389e-01 9.14267812e-02
 2.22000000e+01 6.56177078e-01 2.51144894e-01 9.26780284e-02
 2.23000000e+01 6.53143252e-01 2.52918552e-01 9.39381959e-02
 2.24000000e+01 6.50121930e-01 2.54670891e-01 9.52071787e-02
 2.25000000e+01 6.47113677e-01 2.56401454e-01 9.64848688e-02
 2.26000000e+01 6.44119044e-01 2.58109800e-01 9.77711563e-02
 2.27000000e+01 6.41138573e-01 2.59795498e-01 9.90659290e-02
 2.28000000e+01 6.38172792e-01 2.61458135e-01 1.00369073e-01
 2.29000000e+01 6.35222214e-01 2.63097314e-01 1.01680471e-01
 2.30000000e+01 6.32287340e-01 2.64712653e-01 1.03000006e-01
 2.31000000e+01 6.29368660e-01 2.66303782e-01 1.04327558e-01
 2.32000000e+01 6.26466646e-01 2.67870350e-01 1.05663004e-01
 2.33000000e+01 6.23581758e-01 2.69412022e-01 1.07006220e-01
 2.34000000e+01 6.20714440e-01 2.70928478e-01 1.08357082e-01
 2.35000000e+01 6.17865128e-01 2.72419409e-01 1.09715463e-01
 2.36000000e+01 6.15034238e-01 2.73884528e-01 1.11081234e-01
 2.37000000e+01 6.12222171e-01 2.75323564e-01 1.12454265e-01
 2.38000000e+01 6.09429316e-01 2.76736258e-01 1.13834426e-01
 2.39000000e+01 6.06656050e-01 2.78122366e-01 1.15221584e-01
 2.40000000e+01 6.03902732e-01 2.79481663e-01 1.16615605e-01
 2.41000000e+01 6.01169705e-01 2.80813940e-01 1.18016355e-01
 2.42000000e+01 5.98457299e-01 2.82119001e-01 1.19423699e-01
 2.43000000e+01 5.95765835e-01 2.83396665e-01 1.20837500e-01
 2.44000000e+01 5.93095612e-01 2.84646769e-01 1.22257620e-01
 2.45000000e+01 5.90446915e-01 2.85869163e-01 1.23683921e-01
 2.46000000e+01 5.87820020e-01 2.87063716e-01 1.25116265e-01
 2.47000000e+01 5.85215185e-01 2.88230304e-01 1.26554511e-01
 2.48000000e+01 5.82632654e-01 2.89368825e-01 1.27998521e-01
 2.49000000e+01 5.80072657e-01 2.90479191e-01 1.29448153e-01
 2.50000000e+01 5.77535410e-01 2.91561324e-01 1.30903266e-01
 2.51000000e+01 5.75021118e-01 2.92615164e-01 1.32363718e-01
 2.52000000e+01 5.72529967e-01 2.93640663e-01 1.33829370e-01
 2.53000000e+01 5.70062133e-01 2.94637789e-01 1.35300078e-01
 2.54000000e+01 5.67617778e-01 2.95606522e-01 1.36775700e-01
 2.55000000e+01 5.65197051e-01 2.96546853e-01 1.38256095e-01
 2.56000000e+01 5.62800087e-01 2.97458792e-01 1.39741121e-01
 2.57000000e+01 5.60427008e-01 2.98342357e-01 1.41230636e-01
 2.58000000e+01 5.58077924e-01 2.99197579e-01 1.42724497e-01
 2.59000000e+01 5.55752934e-01 3.00024502e-01 1.44222564e-01
 2.60000000e+01 5.53452121e-01 3.00823184e-01 1.45724695e-01
 2.61000000e+01 5.51175559e-01 3.01593692e-01 1.47230749e-01
 2.62000000e+01 5.48923310e-01 3.02336105e-01 1.48740585e-01
 2.63000000e+01 5.46695423e-01 3.03050514e-01 1.50254063e-01
 2.64000000e+01 5.44491936e-01 3.03737021e-01 1.51771043e-01
 2.65000000e+01 5.42312875e-01 3.04395738e-01 1.53291386e-01
 2.66000000e+01 5.40158259e-01 3.05026787e-01 1.54814954e-01
 2.67000000e+01 5.38028091e-01 3.05630301e-01 1.56341607e-01
 2.68000000e+01 5.35922367e-01 3.06206423e-01 1.57871210e-01
 2.69000000e+01 5.33841070e-01 3.06755304e-01 1.59403626e-01
 2.70000000e+01 5.31784176e-01 3.07277106e-01 1.60938718e-01
 2.71000000e+01 5.29751650e-01 3.07771999e-01 1.62476351e-01
 2.72000000e+01 5.27743447e-01 3.08240161e-01 1.64016392e-01
 2.73000000e+01 5.25759512e-01 3.08681780e-01 1.65558708e-01
 2.74000000e+01 5.23799783e-01 3.09097051e-01 1.67103166e-01
 2.75000000e+01 5.21864189e-01 3.09486177e-01 1.68649634e-01
 2.76000000e+01 5.19952650e-01 3.09849367e-01 1.70197983e-01
 2.77000000e+01 5.18065075e-01 3.10186841e-01 1.71748084e-01
 2.78000000e+01 5.16201370e-01 3.10498822e-01 1.73299808e-01
 2.79000000e+01 5.14361429e-01 3.10785542e-01 1.74853029e-01
 2.80000000e+01 5.12545141e-01 3.11047238e-01 1.76407621e-01
 2.81000000e+01 5.10752386e-01 3.11284154e-01 1.77963460e-01
 2.82000000e+01 5.08983039e-01 3.11496540e-01 1.79520421e-01
 2.83000000e+01 5.07236965e-01 3.11684651e-01 1.81078384e-01
 2.84000000e+01 5.05514025e-01 3.11848748e-01 1.82637227e-01
 2.85000000e+01 5.03814072e-01 3.11989097e-01 1.84196831e-01
 2.86000000e+01 5.02136955e-01 3.12105967e-01 1.85757078e-01
 2.87000000e+01 5.00482515e-01 3.12199634e-01 1.87317851e-01
 2.88000000e+01 4.98850586e-01 3.12270378e-01 1.88879036e-01
 2.89000000e+01 4.97241000e-01 3.12318483e-01 1.90440517e-01
 2.90000000e+01 4.95653582e-01 3.12344235e-01 1.92002182e-01
 2.91000000e+01 4.94088152e-01 3.12347927e-01 1.93563922e-01
 2.92000000e+01 4.92544523e-01 3.12329853e-01 1.95125625e-01
 2.93000000e+01 4.91022506e-01 3.12290311e-01 1.96687183e-01
 2.94000000e+01 4.89521907e-01 3.12229602e-01 1.98248491e-01
 2.95000000e+01 4.88042527e-01 3.12148030e-01 1.99809443e-01
 2.96000000e+01 4.86584164e-01 3.12045899e-01 2.01369936e-01
 2.97000000e+01 4.85146611e-01 3.11923522e-01 2.02929868e-01
 2.98000000e+01 4.83729655e-01 3.11781208e-01 2.04489137e-01
 2.99000000e+01 4.82333085e-01 3.11619270e-01 2.06047645e-01
 3.00000000e+01 4.80956683e-01 3.11438021e-01 2.07605296e-01
 3.01000000e+01 4.79600228e-01 3.11237779e-01 2.09161993e-01
 3.02000000e+01 4.78263496e-01 3.11018863e-01 2.10717642e-01
 3.03000000e+01 4.76946259e-01 3.10781592e-01 2.12272149e-01
 3.04000000e+01 4.75648289e-01 3.10526286e-01 2.13825426e-01
 3.05000000e+01 4.74369354e-01 3.10253265e-01 2.15377381e-01
 3.06000000e+01 4.73109220e-01 3.09962851e-01 2.16927928e-01
 3.07000000e+01 4.71867650e-01 3.09655369e-01 2.18476981e-01
 3.08000000e+01 4.70644404e-01 3.09331143e-01 2.20024453e-01
 3.09000000e+01 4.69439241e-01 3.08990495e-01 2.21570263e-01
 3.10000000e+01 4.68251921e-01 3.08633749e-01 2.23114330e-01
 3.11000000e+01 4.67082198e-01 3.08261228e-01 2.24656574e-01
 3.12000000e+01 4.65929826e-01 3.07873258e-01 2.26196916e-01
 3.13000000e+01 4.64794557e-01 3.07470163e-01 2.27735280e-01
 3.14000000e+01 4.63676142e-01 3.07052266e-01 2.29271592e-01
 3.15000000e+01 4.62574333e-01 3.06619890e-01 2.30805778e-01
 3.16000000e+01 4.61488878e-01 3.06173356e-01 2.32337766e-01
 3.17000000e+01 4.60419525e-01 3.05712987e-01 2.33867488e-01
 3.18000000e+01 4.59366020e-01 3.05239107e-01 2.35394873e-01
 3.19000000e+01 4.58328111e-01 3.04752033e-01 2.36919856e-01
 3.20000000e+01 4.57305543e-01 3.04252086e-01 2.38442371e-01
 3.21000000e+01 4.56298062e-01 3.03739582e-01 2.39962355e-01
 3.22000000e+01 4.55305414e-01 3.03214840e-01 2.41479746e-01
 3.23000000e+01 4.54327340e-01 3.02678177e-01 2.42994483e-01
 3.24000000e+01 4.53363586e-01 3.02129906e-01 2.44506508e-01
 3.25000000e+01 4.52413897e-01 3.01570340e-01 2.46015762e-01
 3.26000000e+01 4.51478017e-01 3.00999791e-01 2.47522192e-01
 3.27000000e+01 4.50555691e-01 3.00418567e-01 2.49025742e-01
 3.28000000e+01 4.49646660e-01 2.99826980e-01 2.50526360e-01
 3.29000000e+01 4.48750671e-01 2.99225335e-01 2.52023994e-01
 3.30000000e+01 4.47867469e-01 2.98613935e-01 2.53518596e-01
 3.31000000e+01 4.46996798e-01 2.97993084e-01 2.55010117e-01
 3.32000000e+01 4.46138406e-01 2.97363083e-01 2.56498512e-01
 3.33000000e+01 4.45292035e-01 2.96724232e-01 2.57983733e-01
 3.34000000e+01 4.44457435e-01 2.96076826e-01 2.59465739e-01
 3.35000000e+01 4.43634353e-01 2.95421160e-01 2.60944487e-01
 3.36000000e+01 4.42822536e-01 2.94757527e-01 2.62419937e-01
 3.37000000e+01 4.42021735e-01 2.94086216e-01 2.63892049e-01
 3.38000000e+01 4.41231697e-01 2.93407517e-01 2.65360786e-01
 3.39000000e+01 4.40452174e-01 2.92721714e-01 2.66826112e-01
 3.40000000e+01 4.39682919e-01 2.92029090e-01 2.68287992e-01
 3.41000000e+01 4.38923683e-01 2.91329925e-01 2.69746392e-01
 3.42000000e+01 4.38174221e-01 2.90624499e-01 2.71201280e-01
 3.43000000e+01 4.37434287e-01 2.89913087e-01 2.72652626e-01
 3.44000000e+01 4.36703637e-01 2.89195962e-01 2.74100401e-01
 3.45000000e+01 4.35982030e-01 2.88473394e-01 2.75544577e-01
 3.46000000e+01 4.35269223e-01 2.87745650e-01 2.76985126e-01
 3.47000000e+01 4.34564978e-01 2.87012997e-01 2.78422025e-01
 3.48000000e+01 4.33869055e-01 2.86275697e-01 2.79855248e-01
 3.49000000e+01 4.33181217e-01 2.85534009e-01 2.81284774e-01
 3.50000000e+01 4.32501228e-01 2.84788191e-01 2.82710581e-01
 3.51000000e+01 4.31828856e-01 2.84038495e-01 2.84132649e-01
 3.52000000e+01 4.31163867e-01 2.83285173e-01 2.85550960e-01
 3.53000000e+01 4.30506029e-01 2.82528476e-01 2.86965495e-01
 3.54000000e+01 4.29855114e-01 2.81768646e-01 2.88376239e-01
 3.55000000e+01 4.29210895e-01 2.81005928e-01 2.89783177e-01
 3.56000000e+01 4.28573145e-01 2.80240561e-01 2.91186294e-01
 3.57000000e+01 4.27941641e-01 2.79472781e-01 2.92585578e-01
 3.58000000e+01 4.27316159e-01 2.78702823e-01 2.93981018e-01
 3.59000000e+01 4.26696479e-01 2.77930919e-01 2.95372603e-01
 3.60000000e+01 4.26082382e-01 2.77157294e-01 2.96760324e-01
 3.61000000e+01 4.25473652e-01 2.76382175e-01 2.98144173e-01
 3.62000000e+01 4.24870074e-01 2.75605783e-01 2.99524143e-01
 3.63000000e+01 4.24271433e-01 2.74828338e-01 3.00900229e-01
 3.64000000e+01 4.23677519e-01 2.74050056e-01 3.02272425e-01
 3.65000000e+01 4.23088123e-01 2.73271149e-01 3.03640728e-01
 3.66000000e+01 4.22503037e-01 2.72491827e-01 3.05005136e-01
 3.67000000e+01 4.21922057e-01 2.71712297e-01 3.06365646e-01
 3.68000000e+01 4.21344978e-01 2.70932763e-01 3.07722259e-01
 3.69000000e+01 4.20771599e-01 2.70153427e-01 3.09074974e-01
 3.70000000e+01 4.20201721e-01 2.69374485e-01 3.10423794e-01
 3.71000000e+01 4.19635148e-01 2.68596132e-01 3.11768720e-01
 3.72000000e+01 4.19071684e-01 2.67818560e-01 3.13109756e-01
 3.73000000e+01 4.18511136e-01 2.67041957e-01 3.14446907e-01
 3.74000000e+01 4.17953312e-01 2.66266510e-01 3.15780178e-01
 3.75000000e+01 4.17398025e-01 2.65492401e-01 3.17109574e-01
 3.76000000e+01 4.16845087e-01 2.64719809e-01 3.18435104e-01
 3.77000000e+01 4.16294315e-01 2.63948910e-01 3.19756775e-01
 3.78000000e+01 4.15745527e-01 2.63179877e-01 3.21074596e-01
 3.79000000e+01 4.15198541e-01 2.62412882e-01 3.22388577e-01
 3.80000000e+01 4.14653179e-01 2.61648093e-01 3.23698728e-01
 3.81000000e+01 4.14109266e-01 2.60885673e-01 3.25005062e-01
 3.82000000e+01 4.13566628e-01 2.60125783e-01 3.26307589e-01
 3.83000000e+01 4.13025094e-01 2.59368582e-01 3.27606324e-01
 3.84000000e+01 4.12484496e-01 2.58614224e-01 3.28901280e-01
 3.85000000e+01 4.11944664e-01 2.57862865e-01 3.30192471e-01
 3.86000000e+01 4.11405434e-01 2.57114652e-01 3.31479914e-01
 3.87000000e+01 4.10866644e-01 2.56369732e-01 3.32763623e-01
 3.88000000e+01 4.10328134e-01 2.55628249e-01 3.34043617e-01
 3.89000000e+01 4.09789745e-01 2.54890343e-01 3.35319912e-01
 3.90000000e+01 4.09251321e-01 2.54156152e-01 3.36592526e-01
 3.91000000e+01 4.08712708e-01 2.53425812e-01 3.37861480e-01
 3.92000000e+01 4.08173754e-01 2.52699455e-01 3.39126791e-01
 3.93000000e+01 4.07634310e-01 2.51977209e-01 3.40388481e-01
 3.94000000e+01 4.07094229e-01 2.51259200e-01 3.41646570e-01
 3.95000000e+01 4.06553366e-01 2.50545554e-01 3.42901081e-01
 3.96000000e+01 4.06011577e-01 2.49836389e-01 3.44152034e-01
 3.97000000e+01 4.05468722e-01 2.49131826e-01 3.45399452e-01
 3.98000000e+01 4.04924662e-01 2.48431978e-01 3.46643360e-01
 3.99000000e+01 4.04379262e-01 2.47736958e-01 3.47883780e-01
 4.00000000e+01 4.03832387e-01 2.47046876e-01 3.49120738e-01
 4.01000000e+01 4.03283905e-01 2.46361838e-01 3.50354257e-01
 4.02000000e+01 4.02733685e-01 2.45681950e-01 3.51584365e-01
 4.03000000e+01 4.02181601e-01 2.45007313e-01 3.52811086e-01
 4.04000000e+01 4.01627527e-01 2.44338026e-01 3.54034447e-01
 4.05000000e+01 4.01071340e-01 2.43674185e-01 3.55254476e-01
 4.06000000e+01 4.00512918e-01 2.43015884e-01 3.56471198e-01
 4.07000000e+01 3.99952143e-01 2.42363213e-01 3.57684644e-01
 4.08000000e+01 3.99388897e-01 2.41716263e-01 3.58894840e-01
 4.09000000e+01 3.98823065e-01 2.41075119e-01 3.60101817e-01
 4.10000000e+01 3.98254534e-01 2.40439864e-01 3.61305602e-01
 4.11000000e+01 3.97683195e-01 2.39810580e-01 3.62506225e-01
 4.12000000e+01 3.97108938e-01 2.39187344e-01 3.63703718e-01
 4.13000000e+01 3.96531658e-01 2.38570233e-01 3.64898109e-01
 4.14000000e+01 3.95951249e-01 2.37959320e-01 3.66089431e-01
 4.15000000e+01 3.95367608e-01 2.37354678e-01 3.67277713e-01
 4.16000000e+01 3.94780637e-01 2.36756375e-01 3.68462989e-01
 4.17000000e+01 3.94190235e-01 2.36164476e-01 3.69645288e-01
 4.18000000e+01 3.93596308e-01 2.35579047e-01 3.70824645e-01
 4.19000000e+01 3.92998761e-01 2.35000149e-01 3.72001090e-01
 4.20000000e+01 3.92397502e-01 2.34427841e-01 3.73174657e-01
 4.21000000e+01 3.91792440e-01 2.33862181e-01 3.74345380e-01
 4.22000000e+01 3.91183486e-01 2.33303223e-01 3.75513291e-01
 4.23000000e+01 3.90570555e-01 2.32751021e-01 3.76678424e-01
 4.24000000e+01 3.89953562e-01 2.32205625e-01 3.77840813e-01
 4.25000000e+01 3.89332425e-01 2.31667083e-01 3.79000492e-01
 4.26000000e+01 3.88707064e-01 2.31135441e-01 3.80157495e-01
 4.27000000e+01 3.88077399e-01 2.30610743e-01 3.81311858e-01
 4.28000000e+01 3.87443354e-01 2.30093031e-01 3.82463615e-01
 4.29000000e+01 3.86804855e-01 2.29582345e-01 3.83612801e-01
 4.30000000e+01 3.86161828e-01 2.29078722e-01 3.84759451e-01
 4.31000000e+01 3.85514202e-01 2.28582198e-01 3.85903600e-01
 4.32000000e+01 3.84861908e-01 2.28092807e-01 3.87045285e-01
 4.33000000e+01 3.84204880e-01 2.27610580e-01 3.88184540e-01
 4.34000000e+01 3.83543051e-01 2.27135546e-01 3.89321403e-01
 4.35000000e+01 3.82876359e-01 2.26667733e-01 3.90455908e-01
 4.36000000e+01 3.82204741e-01 2.26207166e-01 3.91588093e-01
 4.37000000e+01 3.81528137e-01 2.25753870e-01 3.92717993e-01
 4.38000000e+01 3.80846490e-01 2.25307865e-01 3.93845644e-01
 4.39000000e+01 3.80159743e-01 2.24869173e-01 3.94971084e-01
 4.40000000e+01 3.79467842e-01 2.24437810e-01 3.96094348e-01
 4.41000000e+01 3.78770734e-01 2.24013791e-01 3.97215475e-01
 4.42000000e+01 3.78068368e-01 2.23597132e-01 3.98334500e-01
 4.43000000e+01 3.77360695e-01 2.23187845e-01 3.99451460e-01
 4.44000000e+01 3.76647667e-01 2.22785941e-01 4.00566392e-01
 4.45000000e+01 3.75929240e-01 2.22391428e-01 4.01679333e-01
 4.46000000e+01 3.75205368e-01 2.22004313e-01 4.02790320e-01
 4.47000000e+01 3.74476009e-01 2.21624601e-01 4.03899389e-01
 4.48000000e+01 3.73741124e-01 2.21252297e-01 4.05006579e-01
 4.49000000e+01 3.73000673e-01 2.20887402e-01 4.06111925e-01
 4.50000000e+01 3.72254620e-01 2.20529913e-01 4.07215466e-01
 4.51000000e+01 3.71502930e-01 2.20179831e-01 4.08317239e-01
 4.52000000e+01 3.70745568e-01 2.19837153e-01 4.09417279e-01
 4.53000000e+01 3.69982503e-01 2.19501872e-01 4.10515625e-01
 4.54000000e+01 3.69213704e-01 2.19173984e-01 4.11612312e-01
 4.55000000e+01 3.68439142e-01 2.18853479e-01 4.12707379e-01
 4.56000000e+01 3.67658791e-01 2.18540348e-01 4.13800861e-01
 4.57000000e+01 3.66872625e-01 2.18234579e-01 4.14892796e-01
 4.58000000e+01 3.66080621e-01 2.17936159e-01 4.15983220e-01
 4.59000000e+01 3.65282758e-01 2.17645070e-01 4.17072171e-01
 4.60000000e+01 3.64479015e-01 2.17361299e-01 4.18159685e-01
 4.61000000e+01 3.63669374e-01 2.17084828e-01 4.19245799e-01
 4.62000000e+01 3.62853816e-01 2.16815636e-01 4.20330548e-01
 4.63000000e+01 3.62032327e-01 2.16553703e-01 4.21413969e-01
 4.64000000e+01 3.61204893e-01 2.16299008e-01 4.22496099e-01
 4.65000000e+01 3.60371502e-01 2.16051525e-01 4.23576973e-01
 4.66000000e+01 3.59532142e-01 2.15811231e-01 4.24656627e-01
 4.67000000e+01 3.58686806e-01 2.15578096e-01 4.25735098e-01
 4.68000000e+01 3.57835487e-01 2.15352092e-01 4.26812421e-01
 4.69000000e+01 3.56978179e-01 2.15133189e-01 4.27888632e-01
 4.70000000e+01 3.56114878e-01 2.14921356e-01 4.28963766e-01
 4.71000000e+01 3.55245581e-01 2.14716561e-01 4.30037858e-01
 4.72000000e+01 3.54370288e-01 2.14518768e-01 4.31110944e-01
 4.73000000e+01 3.53489000e-01 2.14327942e-01 4.32183058e-01
 4.74000000e+01 3.52601719e-01 2.14144047e-01 4.33254235e-01
 4.75000000e+01 3.51708450e-01 2.13967041e-01 4.34324510e-01
 4.76000000e+01 3.50809198e-01 2.13796886e-01 4.35393917e-01
 4.77000000e+01 3.49903970e-01 2.13633540e-01 4.36462490e-01
 4.78000000e+01 3.48992776e-01 2.13476960e-01 4.37530263e-01
 4.79000000e+01 3.48075627e-01 2.13327103e-01 4.38597271e-01
 4.80000000e+01 3.47152533e-01 2.13183922e-01 4.39663545e-01
 4.81000000e+01 3.46223510e-01 2.13047370e-01 4.40729121e-01
 4.82000000e+01 3.45288572e-01 2.12917398e-01 4.41794030e-01
 4.83000000e+01 3.44347737e-01 2.12793958e-01 4.42858306e-01
 4.84000000e+01 3.43401023e-01 2.12676997e-01 4.43921980e-01
 4.85000000e+01 3.42448450e-01 2.12566464e-01 4.44985086e-01
 4.86000000e+01 3.41490040e-01 2.12462304e-01 4.46047656e-01
 4.87000000e+01 3.40525818e-01 2.12364462e-01 4.47109720e-01
 4.88000000e+01 3.39555806e-01 2.12272883e-01 4.48171311e-01
 4.89000000e+01 3.38580033e-01 2.12187508e-01 4.49232459e-01
 4.90000000e+01 3.37598527e-01 2.12108277e-01 4.50293196e-01
 4.91000000e+01 3.36611317e-01 2.12035131e-01 4.51353553e-01
 4.92000000e+01 3.35618435e-01 2.11968007e-01 4.52413558e-01
 4.93000000e+01 3.34619913e-01 2.11906844e-01 4.53473243e-01
 4.94000000e+01 3.33615787e-01 2.11851576e-01 4.54532637e-01
 4.95000000e+01 3.32606093e-01 2.11802139e-01 4.55591769e-01
 4.96000000e+01 3.31590867e-01 2.11758465e-01 4.56650668e-01
 4.97000000e+01 3.30570151e-01 2.11720486e-01 4.57709363e-01
 4.98000000e+01 3.29543985e-01 2.11688132e-01 4.58767883e-01
 4.99000000e+01 3.28512411e-01 2.11661335e-01 4.59826254e-01
 5.00000000e+01 3.27475474e-01 2.11640020e-01 4.60884506e-01
 5.01000000e+01 3.26433219e-01 2.11624117e-01 4.61942664e-01
 5.02000000e+01 3.25385694e-01 2.11613550e-01 4.63000756e-01
 5.03000000e+01 3.24332948e-01 2.11608244e-01 4.64058808e-01
 5.04000000e+01 3.23275030e-01 2.11608122e-01 4.65116847e-01
 5.05000000e+01 3.22211994e-01 2.11613108e-01 4.66174898e-01
 5.06000000e+01 3.21143892e-01 2.11623121e-01 4.67232987e-01
 5.07000000e+01 3.20070781e-01 2.11638081e-01 4.68291138e-01
 5.08000000e+01 3.18992716e-01 2.11657908e-01 4.69349376e-01
 5.09000000e+01 3.17909756e-01 2.11682519e-01 4.70407725e-01
 5.10000000e+01 3.16821961e-01 2.11711829e-01 4.71466209e-01
 5.11000000e+01 3.15729392e-01 2.11745756e-01 4.72524852e-01
 5.12000000e+01 3.14632111e-01 2.11784214e-01 4.73583675e-01
 5.13000000e+01 3.13530183e-01 2.11827116e-01 4.74642702e-01
 5.14000000e+01 3.12423673e-01 2.11874373e-01 4.75701954e-01
 5.15000000e+01 3.11312651e-01 2.11925896e-01 4.76761453e-01
 5.16000000e+01 3.10197184e-01 2.11981596e-01 4.77821221e-01
 5.17000000e+01 3.09077343e-01 2.12041380e-01 4.78881277e-01
 5.18000000e+01 3.07953200e-01 2.12105158e-01 4.79941641e-01
 5.19000000e+01 3.06824830e-01 2.12172835e-01 4.81002335e-01
 5.20000000e+01 3.05692305e-01 2.12244319e-01 4.82063376e-01
 5.21000000e+01 3.04555700e-01 2.12319515e-01 4.83124785e-01
 5.22000000e+01 3.03415095e-01 2.12398327e-01 4.84186578e-01
 5.23000000e+01 3.02270568e-01 2.12480657e-01 4.85248775e-01
 5.24000000e+01 3.01122201e-01 2.12566408e-01 4.86311391e-01
 5.25000000e+01 2.99970074e-01 2.12655481e-01 4.87374445e-01
 5.26000000e+01 2.98814271e-01 2.12747777e-01 4.88437952e-01
 5.27000000e+01 2.97654877e-01 2.12843195e-01 4.89501928e-01
 5.28000000e+01 2.96491975e-01 2.12941636e-01 4.90566389e-01
 5.29000000e+01 2.95325653e-01 2.13042997e-01 4.91631350e-01
 5.30000000e+01 2.94156000e-01 2.13147175e-01 4.92696825e-01
 5.31000000e+01 2.92983105e-01 2.13254067e-01 4.93762827e-01
 5.32000000e+01 2.91807060e-01 2.13363569e-01 4.94829371e-01
 5.33000000e+01 2.90627957e-01 2.13475575e-01 4.95896468e-01
 5.34000000e+01 2.89445888e-01 2.13589981e-01 4.96964131e-01
 5.35000000e+01 2.88260947e-01 2.13706681e-01 4.98032372e-01
 5.36000000e+01 2.87073229e-01 2.13825569e-01 4.99101202e-01
 5.37000000e+01 2.85882831e-01 2.13946536e-01 5.00170632e-01
 5.38000000e+01 2.84689852e-01 2.14069476e-01 5.01240672e-01
 5.39000000e+01 2.83494390e-01 2.14194279e-01 5.02311331e-01
 5.40000000e+01 2.82296545e-01 2.14320836e-01 5.03382618e-01
 5.41000000e+01 2.81096419e-01 2.14449039e-01 5.04454543e-01
 5.42000000e+01 2.79894110e-01 2.14578778e-01 5.05527112e-01
 5.43000000e+01 2.78689722e-01 2.14709944e-01 5.06600334e-01
 5.44000000e+01 2.77483360e-01 2.14842425e-01 5.07674215e-01
 5.45000000e+01 2.76275127e-01 2.14976112e-01 5.08748761e-01
 5.46000000e+01 2.75065130e-01 2.15110891e-01 5.09823979e-01
 5.47000000e+01 2.73853475e-01 2.15246652e-01 5.10899873e-01
 5.48000000e+01 2.72640269e-01 2.15383284e-01 5.11976448e-01
 5.49000000e+01 2.71425618e-01 2.15520675e-01 5.13053708e-01
 5.50000000e+01 2.70209630e-01 2.15658714e-01 5.14131656e-01
 5.51000000e+01 2.68992415e-01 2.15797288e-01 5.15210297e-01
 5.52000000e+01 2.67774083e-01 2.15936286e-01 5.16289631e-01
 5.53000000e+01 2.66554744e-01 2.16075594e-01 5.17369662e-01
 5.54000000e+01 2.65334511e-01 2.16215101e-01 5.18450389e-01
 5.55000000e+01 2.64113493e-01 2.16354693e-01 5.19531814e-01
 5.56000000e+01 2.62891803e-01 2.16494261e-01 5.20613937e-01
 5.57000000e+01 2.61669551e-01 2.16633692e-01 5.21696757e-01
 5.58000000e+01 2.60446851e-01 2.16772875e-01 5.22780275e-01
 5.59000000e+01 2.59223817e-01 2.16911697e-01 5.23864487e-01
 5.60000000e+01 2.58000561e-01 2.17050046e-01 5.24949392e-01
 5.61000000e+01 2.56777199e-01 2.17187813e-01 5.26034988e-01
 5.62000000e+01 2.55553844e-01 2.17324886e-01 5.27121270e-01
 5.63000000e+01 2.54330610e-01 2.17461154e-01 5.28208236e-01
 5.64000000e+01 2.53107609e-01 2.17596509e-01 5.29295882e-01
 5.65000000e+01 2.51884958e-01 2.17730841e-01 5.30384201e-01
 5.66000000e+01 2.50662770e-01 2.17864040e-01 5.31473190e-01
 5.67000000e+01 2.49441161e-01 2.17995997e-01 5.32562841e-01
 5.68000000e+01 2.48220246e-01 2.18126605e-01 5.33653149e-01
 5.69000000e+01 2.47000138e-01 2.18255756e-01 5.34744106e-01
 5.70000000e+01 2.45780953e-01 2.18383343e-01 5.35835705e-01
 5.71000000e+01 2.44562802e-01 2.18509260e-01 5.36927938e-01
 5.72000000e+01 2.43345801e-01 2.18633403e-01 5.38020796e-01
 5.73000000e+01 2.42130065e-01 2.18755665e-01 5.39114270e-01
 5.74000000e+01 2.40915705e-01 2.18875944e-01 5.40208351e-01
 5.75000000e+01 2.39702837e-01 2.18994135e-01 5.41303028e-01
 5.76000000e+01 2.38491572e-01 2.19110138e-01 5.42398290e-01
 5.77000000e+01 2.37282024e-01 2.19223850e-01 5.43494126e-01
 5.78000000e+01 2.36074304e-01 2.19335171e-01 5.44590525e-01
 5.79000000e+01 2.34868523e-01 2.19444002e-01 5.45687475e-01
 5.80000000e+01 2.33664792e-01 2.19550245e-01 5.46784963e-01
 5.81000000e+01 2.32463223e-01 2.19653802e-01 5.47882975e-01
 5.82000000e+01 2.31263925e-01 2.19754578e-01 5.48981498e-01
 5.83000000e+01 2.30067007e-01 2.19852476e-01 5.50080517e-01
 5.84000000e+01 2.28872577e-01 2.19947404e-01 5.51180018e-01
 5.85000000e+01 2.27680744e-01 2.20039269e-01 5.52279987e-01
 5.86000000e+01 2.26491615e-01 2.20127978e-01 5.53380407e-01
 5.87000000e+01 2.25305295e-01 2.20213442e-01 5.54481263e-01
 5.88000000e+01 2.24121891e-01 2.20295572e-01 5.55582537e-01
 5.89000000e+01 2.22941505e-01 2.20374280e-01 5.56684214e-01
 5.90000000e+01 2.21764243e-01 2.20449482e-01 5.57786276e-01
 5.91000000e+01 2.20590205e-01 2.20521091e-01 5.58888704e-01
 5.92000000e+01 2.19419495e-01 2.20589024e-01 5.59991481e-01
 5.93000000e+01 2.18252213e-01 2.20653198e-01 5.61094589e-01
 5.94000000e+01 2.17088458e-01 2.20713534e-01 5.62198008e-01
 5.95000000e+01 2.15928328e-01 2.20769953e-01 5.63301719e-01
 5.96000000e+01 2.14771920e-01 2.20822378e-01 5.64405702e-01
 5.97000000e+01 2.13619331e-01 2.20870732e-01 5.65509937e-01
 5.98000000e+01 2.12470654e-01 2.20914942e-01 5.66614404e-01
 5.99000000e+01 2.11325984e-01 2.20954935e-01 5.67719080e-01
 6.00000000e+01 2.10185415e-01 2.20990638e-01 5.68823947e-01
 6.01000000e+01 2.09049036e-01 2.21021983e-01 5.69928981e-01
 6.02000000e+01 2.07916937e-01 2.21048903e-01 5.71034160e-01
 6.03000000e+01 2.06789206e-01 2.21071330e-01 5.72139463e-01
 6.04000000e+01 2.05665930e-01 2.21089203e-01 5.73244867e-01
 6.05000000e+01 2.04547194e-01 2.21102457e-01 5.74350349e-01
 6.06000000e+01 2.03433083e-01 2.21111032e-01 5.75455884e-01
 6.07000000e+01 2.02323682e-01 2.21114867e-01 5.76561452e-01
 6.08000000e+01 2.01219069e-01 2.21113905e-01 5.77667026e-01
 6.09000000e+01 2.00119326e-01 2.21108091e-01 5.78772584e-01
 6.10000000e+01 1.99024529e-01 2.21097371e-01 5.79878100e-01
 6.11000000e+01 1.97934755e-01 2.21081695e-01 5.80983550e-01
 6.12000000e+01 1.96850080e-01 2.21061011e-01 5.82088909e-01
 6.13000000e+01 1.95770576e-01 2.21035272e-01 5.83194152e-01
 6.14000000e+01 1.94696318e-01 2.21004428e-01 5.84299254e-01
 6.15000000e+01 1.93627375e-01 2.20968436e-01 5.85404188e-01
 6.16000000e+01 1.92563816e-01 2.20927254e-01 5.86508930e-01
 6.17000000e+01 1.91505707e-01 2.20880840e-01 5.87613452e-01
 6.18000000e+01 1.90453115e-01 2.20829155e-01 5.88717730e-01
 6.19000000e+01 1.89406103e-01 2.20772162e-01 5.89821735e-01
 6.20000000e+01 1.88364734e-01 2.20709824e-01 5.90925442e-01
 6.21000000e+01 1.87329069e-01 2.20642107e-01 5.92028824e-01
 6.22000000e+01 1.86299166e-01 2.20568980e-01 5.93131854e-01
 6.23000000e+01 1.85275083e-01 2.20490412e-01 5.94234505e-01
 6.24000000e+01 1.84256876e-01 2.20406375e-01 5.95336749e-01
 6.25000000e+01 1.83244597e-01 2.20316844e-01 5.96438559e-01
 6.26000000e+01 1.82238301e-01 2.20221791e-01 5.97539908e-01
 6.27000000e+01 1.81238038e-01 2.20121195e-01 5.98640768e-01
 6.28000000e+01 1.80243855e-01 2.20015034e-01 5.99741111e-01
 6.29000000e+01 1.79255801e-01 2.19903290e-01 6.00840909e-01
 6.30000000e+01 1.78273921e-01 2.19785945e-01 6.01940134e-01
 6.31000000e+01 1.77298258e-01 2.19662983e-01 6.03038759e-01
 6.32000000e+01 1.76328857e-01 2.19534389e-01 6.04136754e-01
 6.33000000e+01 1.75365756e-01 2.19400151e-01 6.05234093e-01
 6.34000000e+01 1.74408995e-01 2.19260259e-01 6.06330746e-01
 6.35000000e+01 1.73458610e-01 2.19114704e-01 6.07426686e-01
 6.36000000e+01 1.72514636e-01 2.18963480e-01 6.08521884e-01
 6.37000000e+01 1.71577108e-01 2.18806580e-01 6.09616311e-01
 6.38000000e+01 1.70646060e-01 2.18644000e-01 6.10709940e-01
 6.39000000e+01 1.69721520e-01 2.18475738e-01 6.11802742e-01
 6.40000000e+01 1.68803518e-01 2.18301794e-01 6.12894688e-01
 6.41000000e+01 1.67892081e-01 2.18122169e-01 6.13985750e-01
 6.42000000e+01 1.66987234e-01 2.17936865e-01 6.15075900e-01
 6.43000000e+01 1.66089002e-01 2.17745888e-01 6.16165109e-01
 6.44000000e+01 1.65197409e-01 2.17549242e-01 6.17253349e-01
 6.45000000e+01 1.64312474e-01 2.17346934e-01 6.18340592e-01
 6.46000000e+01 1.63434217e-01 2.17138974e-01 6.19426809e-01
 6.47000000e+01 1.62562656e-01 2.16925372e-01 6.20511972e-01
 6.48000000e+01 1.61697807e-01 2.16706140e-01 6.21596053e-01
 6.49000000e+01 1.60839685e-01 2.16481291e-01 6.22679024e-01
 6.50000000e+01 1.59988305e-01 2.16250839e-01 6.23760856e-01
 6.51000000e+01 1.59143678e-01 2.16014800e-01 6.24841522e-01
 6.52000000e+01 1.58305814e-01 2.15773192e-01 6.25920995e-01
 6.53000000e+01 1.57474722e-01 2.15526033e-01 6.26999245e-01
 6.54000000e+01 1.56650410e-01 2.15273345e-01 6.28076245e-01
 6.55000000e+01 1.55832884e-01 2.15015147e-01 6.29151969e-01
